0	0,1
1	2
2	3
3	4
4	5
5	6
6	7
7	8
8	9
9	10
10	11,12
11	13,14
12	15
13	16
14	17
15	18
16	19
17	20
18	21
19	22
20	23
21	24
22	25
23	26
24	27
25	28
26	29
27	30
28	31
29	32
30	33
31	34
32	35
33	36
34	37
35	38
36	39
37	40
38	41
39	42,43
40	44
41	45
42	46
43	47
44	48
45	49
46	50
47	51,52
48	53
49	54
50	55
51	56
52	57
53	58
54	59
55	60,61
56	62
57	63
58	64
59	65
60	66
61	67,68
62	69
63	70
64	71
65	72
66	73
67	74,75
68	76
69	77
70	78
71	79
72	80
73	81
74	82
75	83
76	84
77	85
78	86
79	87
80	88,89
81	90
82,83	91
84	92
85	93
86	94
87	95
88	96
89	97
90	98
91	99
92	100
93	101
94	102
95	103
96	104
97	105
98	106
99	107
100	108
101	109
102	110
103	111
104	112
105	113
106	114
107	115
108	116,117
109	118
110	119
111	120,121
112	122
113	123,124
114	125
115	126
116	127
117	128
118	129,130
119	131
120	132
121	133
122	134
123	135
124	136
125	137
126	138
127	139,140
128	141
129	142
130	143
131	144
132	145
133	146
134	147,148
135	149
136	150
137	151,152
138	153
139,140	154
141	155
142	156
143	157
144	158
145	159
146	160
147,149	161
150	162
151	163
152	164
153	165
154	166
155	167
156	168
157,158	169
159	170
160	171
161	172
162	173
163	174,175
164,165	176
166	177
167	178
168	179
169	180
170	181
171	182
172	183
173	184,185
174	186
175	187
176	188
177	189
178	190,191
179	192
180	193
181	194
182	195
183	196
184	197
185	198
186	199
187	200
188	201
189	202
190	203
191	-1
192,193	204
194	205
195,196	206
197	207
198	208
199	209
200	210
201	211,212
202	213
203	214
204	215
205	216
206	217
207	218,219
208	220
209	221
210	222
211	223
212	224
213,214	225
215	226
216	227
217	228
218,219	229
220	230,231
221	232
222	233
223	234
224	235
225	236
226	237
227	238,239
228,229	240
230	241
231	242
232	243
233	244
234	245
235	246
236	247
237	248
238	249
239	250
240	251
241	252
242	253
243	254
244	255
245	256
246	257
247	258
248,249	259
250	260
251	261,262
252,253	263
254	264
255	265
256	266
257	267
258	268
259	269
260	270
261	271
262	272
263	273
264	274
265	275
266	276
267	277
268	278
269,270	279
271	280
272	281
273	282
274,275	283
276	284
277	285,286
278	287
279	288
280	289
281	290
282	291
283	292
284,285	293
286	294
287	295
288	296,297
289	298
290	299
291	300
292	301
293	302
294	303
295	304
296	305
297	306
298	307
299	308
300	309
301,302	310,311
303	312
304	313
305	314
306	315
307	316
308,309	317
310	318
311,312	319
313	320
314	321
315,316	322
317	323
318	324
319	325
320	326
321,322	327
323	328
324	329
325	330
326	331
327	332
328	333
329	334
330	335
331	336
332	337
333	338
334	339
335	340,341
336	342
337	343
338,340	344
341,342	345
343	346
344	347
345	348,349
346	350,351
347	352
348	353
349	354
350	355,356
351,352	357
353	358
354	359
355	360
356	361
357,358	362
359	363,364
360	365
361	366
362	367
363	368
364	369
365	370
366	371
367	372
368	373
369	374
370	375
371	376
372	377
373	378
374,375	379
376	380
377	381
378,379	382
380	383,384
381	385
382	386
383	387
384	388
385	389
386	390
387	391
388	392
389	393,394
390	395
391	396
392	397
393	398
394	399
395	400
396	401
397	402
398	403
399	404
400	405
401	406
402	407
403	408
404,405	409
406	410
407	411
408	412
409	413
410	414,415
411	416
412	417
413	418
414	419
415	420
416	421
417	422
418	423
419	424
420	425
421	426
422	427,428
423	429
424	430
425	431
426	432
427	433
428	434
429	435
430	436
431	437
432	438
433	439
434	440,441
435	442
436	443
437	444
438	445
439	446
440	447
441	448,449
442	450,451
443	452
444	453
445	454
446	455
447	456
448	457,458
449	459
450	460
451	461
452	462
453	463
454	464
455	465
456	466
457	467
458	468,469
459,460	470,471
461	472,473
462	474,475
463	476
464	477
465	478,479
466	480
467	481
468	482
469	483
470	484
471	485
472	486
473	487
474	488
475	489
476	490
477	491
478	492
479	493
480	494
481	495
482	496
483	497
484	498,499
485	500
486	501
487	502
488,489	503
490	504
491	505
492	506
493	507
494	508,509
495	510
496	511
497	512
498	513
499	514
500,501	515
502	516
503	517
504	518
505	519
506	520
507	521
508	522
509	523
510	524
511	525
512	526
513	527
514	528,529
515	530,531
516	532
517	533
518	534
519	535
520	536
521	537
522	538
523	539,540
524	541
525	542,543
526	544
527	545
528	546,547
529	548
530	549
531	550
532	551
533	552
534	553,554
535	555
536	556
537	557
538	558,559
539	560
540	561,562
541	563
542	564
543	565
544	566
545	567
546	568,569
547	570
548	571
549	572
550	573
551	574
552	575,576
553	577,578
554	579
555	580,581
556	582
557	583
558	584,585
559	586
560	587
561	588
562	589,590
563	591
564	592
565	593
566	594
567	595
568	596
569	597
570	598
571	599
572	600
573	601
574	602
575	603
576	604
577	605,606
578	607
579	608
580	609
581	610,612
582	613,614
583	615,616
584	617
585	618,619
586	620
587	621
588	622,623
589	624
590	625
591	626
592	627
593	628
594	629
595	630,631
596	632,633
597	634
598,599	635
600	636,637
601	638,639
602	640,641
603,604	642
605	643
606	644
607	645
608	646,647
609	648
610	649
611	650
612	651
613	652
614	653
615	654
616	655,656
617	657,658
618	659
619	660,661
620	662
621	663,664
622	665
623	666
624	667
625	668
626	669,670
627	671,672
628	673
629	674
630	675,677
631	678
632	679
633	680
634	681
635	682
636	683,684
637	685
638	686
639	687
640	688
641	689
642	690
643	691,692
644	693
645	694
646	695
647	696,697
648	698
649	699
650	700
651	701
652	702
653	703
654	704,705
655	706
656	707
657	708,709
658	710
659	711,712
660	713
661	714
662	715
663	716
664	717
665	718
666	719
667	720
668	721
669	722,723
670	724
671	725,726
672	727
673	728
674	729
675	730
676	731,732
677	733
678	734
679	735
680	736,737
681	738
682	739
683	740
684	741
685	742
686	743
687	744
688	745
689	746
690	747,748
691	749
692	750
693	751
694	752
695	753
696	754
697	755
698	756
699	757
700	758
701	759
702	760
703	761
704	762,763
705	764
706	765
707	766
708	767,768
709	769
710	770
711	771
712	772
713	773
714	774
715	775
716	776
717	777
718	778
719	779,781
720	782
721	783
722	784
723	785
724	786
725	787
726	788
727	789
728	790,791
729	792,793
730	794
731,732	795
733	796,798
734	799
735	800
736	801
737	802
738	803
739	804,805
740	806
741	807
742	808
743	809,810
744	811
745	812
746	813
747	814
748	815
749	816
750	817
751	818,819
752	820
753	821
754	822
755	823,824
756	825
757	826
758	827
759	828
760	829
761	830
762	831
763	832
764	833
765	834
766	835
767	836
768	837
769	838
770	839,840
771,772	841,842
773	843
774	844
775	845
776	846,847
777	848
778	849
779	850
780	851
781	852
782	853
783	854
784	855
785	856,857
786	858
787	859
788,789	860
790	861
791	862
792	863,864
793	865
794	866
795	867
796	868
797	869
798	870,871
799	872
800	873
801	874
802	875,876
803	877
804	878
805	879
806	880
807	881
808	882,883
809	884
810	885
811	886
812	887,888
813	889
814	890
815	891
816	892
817	893,894
818	895
819	896
820	897
821	898
822	899
823	900
824	901,902
825	903
826	904
827	905
828	906,907
829	908
830	909
831	910
832	911
833	912
834	913
835	914
836,837	915
838	916
839	917
840	918
841	919,920
842	921
843	922
844	923
845	924
846	925
847	926
848	927
849	928
850	929
851	930
852	931
853	932
854	933,934
855	935
856	936
857	937
858	938
859	939,940
860	941
861	942
862	943
863,864	944
865	945
866	946
867	947,948
868	949
869	950,951
870	952
871	953
872	954
873	955,956
874	957
875	958
876	959
877	960
878	961
879	962
880	963
881	964
882	965
883,884	966
885	967
886	968
887	969
888	970
889,890	971
891	972
892,893	973
894	974
895	975
896,897	976
898	977
899	978
900,901	979
902,905	980
906	981
907,908	982
