0,1	0
2	1,2
3	3
4	4,6
5,6	7
7	8
8	9,10
9	11
10	12,13
11	14
12	15
13	16
14	17
15,16	18,19
17,19	20,21
20	22
21	23
22,23	24,25
24	26
25	27
26,27	28
28	29
29	30
30	-1
31,34	31
35,37	32
38	33
39,40	34
41	35
42,43	36
44	37
45	38,39
46	40
47,48	41,42
49	43
50	44
51	45,46
52	47,49
53	50
54,55	51
56	52
57	53
58,59	54,55
60	56
61,62	57
63	58,60
64,65	61
66	62
67,68	63
69,70	64
71	65
72	-1
73,74	66
75	67
76,78	68
79	69
80	70
81	71
82	72,73
83	74
84,85	75
86	76
87	77
88,90	78
91,92	79,81
93,94	82
95	83
96,99	84
100,101	85
102,103	86,87
104	88,89
105,106	90,91
107,109	92
110	93
111	94,96
112	97
113,115	98,99
116	100
117,118	101,102
119	103
120,121	104
122,124	105,106
125	107
126	108
127	109
128	110
129	111,112
130,131	113
132,133	114
134	115,116
135	117
136	118
137,138	119
139	120
140,141	121
142	122
143	123
144	124
145	125
146	126
147,149	127,128
150	-1
151,153	129,130
154	131
155	132
156	133
157,158	134,135
159	136,137
160	138
161	139
162	140,141
163,164	142
165	143
166	144
167	145,147
168	148
169	149
170,171	150
172	151
173	152
174	153
175,176	154
177	155
178,179	156,158
180,181	159,160
182	161
183	162,163
184	164
185	165
186	166
187	167
188,189	168,169
-1	170
190,191	171,172
192	173,174
193	175,176
194	177
195,196	178,180
197	181
198	182
199,200	183,184
201,202	185,186
203,206	187
207	188
208	-1
209	189
210	190
211	191,192
212	193
213	194
214	195,196
215,216	197
217	198
218	199
219	200
220	201
221	202,203
222	204
223	205
224,225	206
226,227	207
228,230	208
231	209
232,233	210
234	211
235	212,214
236	215
237,238	216,218
239	219
240	220,221
241	222,223
242	224
243,244	225,227
245	228
246	229
247	230,232
248	233
249	234
250	235
251	236
252	237
253	238
254	239
255	240
256	241
257	242
258	243
259	244,245
260,261	246
262,264	247,248
265	249
266,268	250,251
269	252,253
270	254
271	255
272	256,258
273	259
274,275	260,262
276	263,264
277	265
278	266,267
279	268
280	269
281	270,271
282	272
283,284	273,274
285	275
286	276
287	277,278
288	279,280
289	281,282
290	283
291	284
292	285
293,294	286,287
295,296	288
297	289,290
298	291,292
299	293,294
300	295,296
301	297,298
302	299
303,305	300
306,307	301,302
308,309	303,305
310,311	306,307
312	308,310
313,315	311
316	312,313
317	314
318	315,316
319,320	317,318
321,322	319
323,324	320,322
325,326	323,324
327	325
328	326
329	327,329
330	330,331
331,332	332,333
333,334	334
335,336	335
337	336,337
338,339	338
340,341	339,340
342	341
343	342
344	343
345	344,345
346	346
347	347
348	348
349,350	349
351,352	350
353	351
354	352
355,357	353,354
358	355,356
359	357,358
360	359,360
361	361
362,363	362
364	363
365	364
366	365
367	366
368,369	367
370	368
371	369
372	370
373	371
374	372
375,376	373
377	374,375
378	376
379	377,378
380,381	379,380
382	381,382
383,384	383
385	384
386	385
387	386,387
388,389	388
390	389,390
391	391
392	392
393	393
394	394
395	395
396	396
397	397
398,399	398,399
400	400
401	401,402
402	403,405
403	406,407
404	408
405	409
406	410
407	411
408,409	412
410	-1
411	413
412	414
413	415,416
414	417,418
415	419
416,417	420,421
418	422,425
419,420	426,427
421	428
422,424	429
425	430,431
426,427	432
428,429	433,434
430	435
431,432	436
433,435	437
436	438,439
437,440	440
441	441
442	442
443	443
444,445	444
446,447	445
448	446,448
449,450	449,451
451,452	452
453	453
454,456	454
457	455,456
458	457
459,460	458
461	459
462	460,461
463	462
464	463
465	464
466	465
467,468	466
469	467
470	468
471	469
472	470
473,475	471
476	472
477,478	473
479	474
480,482	475,476
483	477
484	478
485	479
486,487	480,481
488	482
489	483
490,492	484,485
493	486,487
494	488,489
495	490
496,497	491,492
498	493
499,500	494
501	495,496
502	497
503	498
504	499
505	500
506	501,503
507	504
508	505
509,510	506,507
511,512	508
513	509
514	510
515,516	511
517	512,513
518	514,515
519	516
520	517,519
521	520,521
-1	522
522,523	523,525
-1	526
524,525	527
526	528
527,530	529
531,533	530
534	531
535	532
536,537	533
538,540	534
541	535
542	536
543	537
544	538
545	539
546,547	540,541
548,549	542
550,552	543
553	544
554,555	545
556	546
557,559	547
560,563	548
564	549
565,566	550,551
567,568	552
569,570	553
571	554,555
572,575	556
576,577	557
578	558,559
579,580	560
581	561
582	562
583,584	563
585	564
586	565
587	566,567
588	568
589	569
590	570
591	571
592,594	572,573
595	574
596	575
597	576
598	577
599	578,579
600,601	580
602	581
603	582,583
604	584
605,606	585
607,608	586,588
609	589,590
610	591
611	592
612,613	593,594
614	595,596
615,616	597
617	598
618,619	599
620	600
621	601,602
622	603
623	604,606
624	607,608
625	609
626	610
627	611,612
628	613
629	614,616
630	617
631	618
632,634	619
635	620
636	621
637	622
638	623
639	624
640,641	625,627
642	628
643	629
644	630
645	631
646	632,633
647	634,635
648,649	636,638
650,651	639
652	640
653	641
654	642
655	643
656	644
657,658	645
659	646
660,661	647,649
662	650
663	651,652
664	653
665,666	654
667	655
668	656
669	657
670,671	658,659
672	660,661
673	662,663
674	664
675	665
676,677	666
678	667
679	668
680,681	669,671
682	672
683	673,674
684	675
685	676
686	677
687	678,679
688,689	680,681
690	682
691	683,684
692	685
693,694	686,687
695	688,690
696	691
697	692
698	693
699	694
700	695
701	696
702	697
703	698
704,705	699
706	700
707	701
708	702,703
709,710	704,705
711	706,708
712,713	709,710
714	711
715	712
716,717	713,714
718	715,716
719,720	717,718
721	719
722	720,721
723	722
724	723
725	724
726	725,726
727,728	727
729	728,730
730	731
731	732
732	733
733	734
734	735,736
735	737
736	738
737	739,740
738	741,742
739	743
740,741	744
742	745,746
743	747,748
744,745	749,751
746	752,755
747	756
748,750	757
751	758
752	759,761
753	762
754	763
755	764
756	765
757	766
758	767
759,760	768
761	769
762,763	770
764	771
765	772
766	773,774
767	775
768	776
769,770	777
771	778,779
772	780
773	781
774	782
775,776	783
777	784,785
778,779	786
780,781	787
782,783	788
784	789
785	790
786	791
787	792,793
788	794,795
789	796,798
790	799
791,792	800
793	801
794	802,804
795	805
796	806,808
797	809
798	810,811
799	812
800	813,814
801	815,816
802	817,820
803	821,822
804	823
805	824
806,807	825,826
808	827
809	828
810	829,831
811	832
812,813	833,835
814	836,838
815	839,840
816	841,842
817	843
818	-1
819	844,846
