0	0
1	1,2
2	3
3	4,6
4,5	7
6	8,9
7,8	10
9	11
10	12
11	13
12	14,15
13	16
14	17,20
15	21
16	22,23
17	24
18	25
19	26
20	27,28
21	29,30
22	31
23	32
24	33
25,26	34
27	35
28,29	36
30	37
31,32	38
33	39
34	40
35	41,43
36	44
37	45
38	46
39	47
40	48,49
41	50
42	51
43	52
44	53
45	54
46	55
47	56,57
48	58
49	59,60
50	61
51	62
52	63
53	64
54,55	65
-1	66
56	67
57	68
58	69,70
59	71
60	72,74
61	75
62,63	76,77
-1	78
64	79
65	80
66,67	81
68	82
69	83
70	84
71	85
72	86
73	87
74	88
75	89
76	90
77	91
78	92
79	93
80	94
81,82	95
83	96,97
84	98
85,86	99,100
87,88	101
89	102
90	103
91	104
92	105
93	106
94	107
95	108,109
96	110
97,98	111
99	112
100	113,114
101	115,116
102	117
103,104	118
105	119
106	120
107	121,122
108	123
109	124
110	125
111	126
112	127
113	128
114,115	129
-1	130
116,117	131
118	132
119	133
120	134
121	135
122	136
123	137
-1	138
124,125	139
126	140
127	141
128	142,143
129	144
130	145,147
-1	148
131	149,150
132	151
133	152
134	153
135	154
136	155
137	156
138	157
139	158
140	159
141	160
142	161
143	162
144	163
145	164
146	165
147	166
148	167,168
149	169
150	170
151	171
152	172
153	173
154,155	174,176
156	177
157,158	178
159	179
160	180,181
161	182
162	183
163	184
164	185,186
165	187
166	188
167	189
168	190,191
-1	192
169	193
170	194,195
171	196
172	197
173	198
174,175	199
176	200,201
177	202
178	203
179	204
180	205,206
181	207
182	208
183	209,210
184,185	211,213
186	214,215
187	216,217
188	218
189	219,220
190	221
191,192	222
193,195	223
196	224
197	225
198	226
199	227,228
200	229,230
201	231
202,203	232
204	233
205	234
206	235
207	236
208	237,239
209,210	240,241
211	242,243
212	244
213	245
214	246
215	247
216	248
217	249,251
218	252
219	253,254
220	255
221	256
222	257
223	258
224	259
225	260,262
226	263
227,228	264
229	265
230	266
231	267
232	268
233	269
234	270
-1	271
235	272
236	273
237	274
238	275,276
239,240	277
241	278
242	279
243	280
244	281
245	282,284
246	285
247	286,287
248	288,289
249	290
250,251	291,293
-1	294
252,253	295
254	296
255	297
256	298
257,258	299
259,260	300,302
261	303
262,263	304
264,265	305
-1	306
-1	307
266	308
267	309
268	310
269	311
270	312
271	313,314
272	315
273	316
274	317
275,276	318,321
277	322
278	323
279	324
280,282	325,327
283	328
284	329
285	330
286	331
287	332
288	333
289	334
290,291	335,337
292	338,339
293	340
294	341
295	342
296	343,344
297	345
298	346
299	347
300,301	348,349
-1	350
302,303	351,352
304	353
305	354
306	355,356
-1	357
307	358
-1	359
308	360,361
309	362
310,311	363
312	364
313	365
314	366
315	367
316	368
317	369
-1	370
-1	371
318	372
319	373
320,321	374
322	375
323	376
-1	377
324	378
325	379,381
326	382,383
327	384
328	385
-1	386
329	387
330	388
331,332	389,390
333	391,392
334	393
335	394
336	395
337	396
338	397
339	398
340	399
341	400
342	401
343	402
344	403
345	404,405
346	406
347	407
348	408
349	409
350	410
351	411,412
352	413
353	414
354	415
-1	416
355	417,418
356	419
357	420
358,359	421
360	422,423
361,362	424
363	425
364	426
365,367	427
368	428
369	429
370	430
371	431,432
372	433
373	434
-1	435
374	436,437
375,376	438
377,378	439
379,380	440
381	441
382,383	442
-1	443,444
384	445
385	446
386	447,448
387	449
388	450
389,390	451
391	452,453
392	454
393	455
-1	456
394	457
-1	458
395	459,460
-1	461
396	462
-1	463
397	464
-1	465
398	466
399	467
-1	468
400	469
401	470
402	471
403	472,473
404	474
405	475
406	476
407	477,478
408	479,480
409	481,482
410	483
411	484
412	485
413	486
414	487
415	488,489
416,417	490
418	491
419	492
420	493,494
421	495
422	496
423	497
424	498,500
425	501
426	502,503
427	504
428	505
429	506
430	507,508
431	509
432	510,511
433	512,514
434	515
435	516
436	517
437	518
438	519,520
439	521
440	522
441	523
442	524
443	525
444	526
445	527
446	528
447	529
448	530
449,450	531,532
451	533,534
452	535
453,454	536
455	537
456	538
457,458	539
459,460	540
461	541
462	542
463	543
464	544
465	545,546
466	547,549
467	550,553
468	554
469,470	555,557
471	558
472	559
473	560
474,475	561
476	562
477	563
478	564
479	565
480	566,569
481	570
-1	571
482	572
483	573,574
-1	575
484	576
485	577
486	578
487	579
488	580
489	581
490	582
491	583
492,493	584,585
494	586
495,496	587
497	588
498	589
499,500	590
501	591
502	592
503,505	593,594
506	595
507	596
508	597
509	598
510,511	599
512	600
513	601
514	602,604
515	605
516,517	606
518	607
519	608,609
520,521	610
522	611,613
523	614,615
524	616
525	617
526	618
527	619
528,529	620
530	621
531	622
532	623
533	624
534	625
535	626
536	627
537	628,629
538	630
539	631
540	632
541	633,634
542	635
543	636
544	637
545	638
546	639,640
547	641
548	642
549	643,644
550	645
-1	646
551	647
552,553	648
554	649
555	650,651
556	652
557	653
558,559	654
560	655,656
561	657
562	658
563	659
564	660
565	661
566	662
567	663
568	664
569	665
570	666,667
571	668
572	669,670
573	671
574	672
575	673
576	674
577	675
578,579	676
580	677
581	678
582	679
583	680,681
584	682
585	683,685
586	686
587	687
588	688
589	689
590	690
591	691
592	692
593	693,694
594	695
595	696
596,597	697
598	698
599	699
600	700,701
601	702
602	703
603	704,706
604	707
605	708
606	709
607	710,711
608,609	712
610	713
611	714,715
612	716,717
613	718
614	719
615	720
616	721
617	722
618	723
619	724,725
620	726
621	727
622	728,729
623,624	730
625,626	731
627	732,733
628	734
629	735
630	736
631	737
632	738
633	739
634	740,741
635	742
636	743,744
637	745,747
638	748
639	749,751
640	752
641	753
642	754,755
643	756
644	757
645	758,759
646	760,761
647	762
648	763
649	764,765
650	766,767
651	768
652	769
653	770
654	771
655	772,773
656	774
657	775
658	776,777
659	778
660	779,781
661	782
662	783,785
663	786
-1	787
664	788
665	789
666	790
667	791
668	792
669	793
670	794
671	795
672	796
673	797
674	798,799
675	800,801
676	802
677	803
678,679	804,805
680	806
681	807
682	808
683	809
684	810,811
685	812,815
686,688	816
689,690	817,818
691	819
692	820
693	821
694	822,823
695	824
696	825,826
697	827,828
698	829,830
699	831
700	832
701	833
702,703	834,835
704	836
705	837
706	838
707	839
708	840
709	841
710	842
711	843
712	844
713	845
714	846
715	847
716	848
717	849
718	850
719	851
720	852,853
721	854
722,724	855,856
725	857
726	858
727	859
728	860
729	861,863
730	864
731	865,866
732	867
733	868
734	869
735	870
736	871,872
737	873
738,739	874,875
740	876
741	877
742	878
743	879,882
744	883
745	884,885
746,747	886,887
748,749	888
750	889,891
751,752	892,893
753	894,895
754	896,898
755,756	899
757	900
758	901
759	902
760	903,904
761,762	905
763	906,907
764	908,910
765,766	911
767	912,915
768	916,918
769	919
770	920
771	921,922
772	923,924
773	925,926
774	927
775	928,929
776	930
777	931,932
778	933
779	934,935
780	936
781	937,940
782	941,942
783,784	943,945
785,786	946
787	947
788	948
789	949,950
790	951
791	952,953
792	954,956
793	957,958
794	959,960
795	961
796	962
797	963,966
798,799	967,968
800	969
801	970
802	971
803	972
804	973
805,806	974
807	975,976
808	977
809	978
810	979
811	980
812	981
813	982
814	983
815	984
816	985,986
817	987
818	988,989
819	990
820	991
821	992,993
822,823	994
824	995,998
-1	999
-1	1000
-1	1001
825,826	1002
827	1003,1004
828	1005
829	1006,1008
830	1009
831	1010,1012
832	1013,1015
833	1016,1017
834	1018,1019
835	1020
836	1021
-1	1022
837	1023,1024
838	1025
839	1026,1028
840	1029,1031
841	1032,1034
842	1035
843	1036,1038
844	1039,1042
-1	1043
-1	1044
-1	1045
-1	1046
-1	1047
-1	1048
-1	1049
-1	1050
845	1051,1054
846	1055
847	1056
848	1057
849	1058,1060
850	1061,1062
851	1063
852	1064
853	1065,1066
854	1067,1068
855	1069
856	1070
857	1071
858,861	1072
862,863	1073
864	1074
865	1075
866	1076,1077
867	1078
868	1079
869	1080
870	1081
871	1082,1084
-1	1085
872	1086,1089
873	1090,1093
874	1094,1095
875	1096,1098
876	1099
877,878	1100,1102
879	1103,1104
880	1105,1108
881	1109
882,883	1110
884	1111
885	1112
886	1113,1114
887,888	1115
889	1116
890	1117,1118
891	1119,1122
-1	1123
892,893	1124,1125
894	1126
895	1127
896	1128,1130
897	1131
898	1132
899	1133,1135
900	1136,1138
901	1139
902	1140
903	1141
904	1142,1143
905,906	1144
907	1145
908,909	1146
910	1147,1148
911	1149
912	1150
913	1151
914	1152,1155
915	1156,1157
916	1158
917	1159
918	1160,1161
919	1162
920	1163
921,922	1164,1165
923	1166
924	1167,1169
925	1170,1171
926,927	1172
928	1173
929	1174
930	1175,1178
931	1179,1181
932	1182
933	1183
934	1184
935	1185
936	1186
937	1187,1190
-1	1191
938	1192
939	1193,1194
940	1195
-1	1196
941	1197,1200
-1	1201
-1	1202
942	1203,1204
943	1205,1207
944	1208,1210
945,946	1211
947	1212
948,949	1213
950	1214
951	1215,1218
-1	1219
952	1220,1223
953	1224,1226
954	1227,1228
955,956	1229,1231
957	1232,1234
958	1235
959	1236,1237
960	1238
961	1239,1240
962	1241,1242
963	1243
964	1244,1245
965	1246,1248
966	1249
967	1250
968	1251
969	1252,1254
970	1255
971,972	1256,1257
973,974	1258,1260
975	1261
976,977	1262
978	1263,1265
979	1266
980	1267
981	1268
982	1269,1270
983	1271
984	1272,1273
985	1274
-1	1275
-1	1276
-1	1277
-1	1278
-1	1279
-1	1280
-1	1281
-1	1282
-1	1283
-1	1284
-1	1285
-1	1286
-1	1287
-1	1288
-1	1289
-1	1290
-1	1291
-1	1292
-1	1293
-1	1294
-1	1295
-1	1296
-1	1297
-1	1298
-1	1299
-1	1300
-1	1301
-1	1302
-1	1303
-1	1304
-1	1305
-1	1306
-1	1307
-1	1308
-1	1309
-1	1310
-1	1311
-1	1312
-1	1313
-1	1314
-1	1315
-1	1316
-1	1317
-1	1318
-1	1319
-1	1320
-1	1321
-1	1322
-1	1323
-1	1324
-1	1325
-1	1326
-1	1327
-1	1328
-1	1329
-1	1330
-1	1331
-1	1332
-1	1333
-1	1334
-1	1335
-1	1336
-1	1337
-1	1338
-1	1339
-1	1340
-1	1341
-1	1342
-1	1343
-1	1344
-1	1345
-1	1346
-1	1347
-1	1348
-1	1349
-1	1350
-1	1351
-1	1352
-1	1353
-1	1354
-1	1355
-1	1356
-1	1357
-1	1358
-1	1359
-1	1360
-1	1361
-1	1362
-1	1363
-1	1364
-1	1365
-1	1366
-1	1367
-1	1368
-1	1369
-1	1370
-1	1371
-1	1372
-1	1373
-1	1374
-1	1375
-1	1376
-1	1377
-1	1378
-1	1379
-1	1380
-1	1381
-1	1382
-1	1383
-1	1384
-1	1385
-1	1386
-1	1387
-1	1388
-1	1389
-1	1390
-1	1391
-1	1392
-1	1393
-1	1394
-1	1395
-1	1396
-1	1397
-1	1398
-1	1399
-1	1400
-1	1401
-1	1402
-1	1403
-1	1404
-1	1405
-1	1406
-1	1407
-1	1408
-1	1409
-1	1410
-1	1411
-1	1412
-1	1413
-1	1414
-1	1415
-1	1416
-1	1417
-1	1418
-1	1419
-1	1420
-1	1421
-1	1422
-1	1423
-1	1424
-1	1425
-1	1426
-1	1427
-1	1428
-1	1429
-1	1430
-1	1431
-1	1432
-1	1433
-1	1434
-1	1435
-1	1436
-1	1437
-1	1438
-1	1439
-1	1440
-1	1441
-1	1442
-1	1443
-1	1444
-1	1445
-1	1446
-1	1447
-1	1448
-1	1449
-1	1450
-1	1451
-1	1452
-1	1453
-1	1454
-1	1455
-1	1456
-1	1457
-1	1458
-1	1459
-1	1460
-1	1461
-1	1462
-1	1463
-1	1464
-1	1465
-1	1466
-1	1467
-1	1468
-1	1469
-1	1470
-1	1471
-1	1472
-1	1473
-1	1474
-1	1475
-1	1476
-1	1477
-1	1478
-1	1479
-1	1480
-1	1481
-1	1482
-1	1483
-1	1484
-1	1485
-1	1486
-1	1487
-1	1488
-1	1489
-1	1490
-1	1491
-1	1492
-1	1493
-1	1494
-1	1495
-1	1496
-1	1497
-1	1498
-1	1499
-1	1500
-1	1501
-1	1502
-1	1503
-1	1504
-1	1505
-1	1506
-1	1507
-1	1508
-1	1509
-1	1510
-1	1511
-1	1512
-1	1513
-1	1514
-1	1515
-1	1516
-1	1517
-1	1518
-1	1519
-1	1520
-1	1521
-1	1522
-1	1523
-1	1524
-1	1525
-1	1526
-1	1527
-1	1528
-1	1529
-1	1530
-1	1531
-1	1532
-1	1533
-1	1534
-1	1535
-1	1536
-1	1537
-1	1538
-1	1539
-1	1540
-1	1541
-1	1542
-1	1543
-1	1544
-1	1545
-1	1546
-1	1547
-1	1548
-1	1549
-1	1550
-1	1551
-1	1552
-1	1553
-1	1554
-1	1555
-1	1556
-1	1557
-1	1558
-1	1559
-1	1560
-1	1561
-1	1562
-1	1563
-1	1564
-1	1565
-1	1566
-1	1567
-1	1568
-1	1569
-1	1570
-1	1571
-1	1572
-1	1573
-1	1574
-1	1575
-1	1576
-1	1577
-1	1578
-1	1579
-1	1580
-1	1581
-1	1582
-1	1583
-1	1584
-1	1585
-1	1586
-1	1587
-1	1588
-1	1589
-1	1590
-1	1591
-1	1592
-1	1593
-1	1594
-1	1595
-1	1596
-1	1597
-1	1598
-1	1599
-1	1600
-1	1601
-1	1602
-1	1603
-1	1604
-1	1605
-1	1606
-1	1607
-1	1608
-1	1609
-1	1610
-1	1611
-1	1612
-1	1613
-1	1614
-1	1615
-1	1616
-1	1617
-1	1618
-1	1619
-1	1620
-1	1621
-1	1622
-1	1623
-1	1624
-1	1625
-1	1626
-1	1627
-1	1628
-1	1629
-1	1630
-1	1631
-1	1632
-1	1633
-1	1634
-1	1635
-1	1636
-1	1637
-1	1638
-1	1639
-1	1640
-1	1641
-1	1642
-1	1643
-1	1644
-1	1645
-1	1646
-1	1647
-1	1648
-1	1649
-1	1650
-1	1651
-1	1652
-1	1653
-1	1654
-1	1655
-1	1656
-1	1657
-1	1658
-1	1659
-1	1660
-1	1661
-1	1662
-1	1663
-1	1664
-1	1665
-1	1666
-1	1667
-1	1668
-1	1669
-1	1670
-1	1671
-1	1672
-1	1673
-1	1674
-1	1675
-1	1676
-1	1677
-1	1678
-1	1679
-1	1680
-1	1681
-1	1682
-1	1683
-1	1684
-1	1685
-1	1686
-1	1687
-1	1688
-1	1689
-1	1690
-1	1691
-1	1692
-1	1693
-1	1694
-1	1695
-1	1696
-1	1697
-1	1698
-1	1699
-1	1700
-1	1701
-1	1702
-1	1703
-1	1704
-1	1705
-1	1706
-1	1707
-1	1708
-1	1709
-1	1710
-1	1711
-1	1712
-1	1713
-1	1714
-1	1715
-1	1716
-1	1717
-1	1718
-1	1719
-1	1720
-1	1721
-1	1722
-1	1723
-1	1724
-1	1725
-1	1726
-1	1727
986	1728
987,988	1729
989	1730
990,991	1731,1732
992	1733
993	1734
994	1735,1736
995	1737
996	1738
997	1739
998,999	1740
1000	1741
1001	1742,1743
1002,1003	1744,1745
1004,1005	1746,1747
1006	1748,1749
1007	1750
1008	1751
1009	1752
1010	1753
1011,1012	1754
1013	1755
1014,1015	1756,1758
1016,1017	1759
1018	1760
1019	1761
1020,1021	1762
1022,1023	1763
1024,1025	1764
1026,1027	1765
1028,1029	1766,1767
1030,1031	1768
1032	1769
1033	1770
1034	1771
1035,1037	1772
1038,1040	1773
1041	1774
1042,1043	1775
1044,1045	1776
1046	1777
1047	1778
1048	1779
1049,1050	1780,1781
1051	1782
1052	1783
1053	1784,1785
1054	1786,1787
1055	1788
1056	1789,1791
1057	1792
1058	1793
1059	1794
1060	1795,1796
1061	1797
1062	1798
1063,1065	1799
1066,1068	1800
1069	1801
1070	1802
1071	1803
1072,1073	1804
1074	1805
1075	1806
1076	1807,1809
-1	1810
1077	1811
1078	1812,1813
1079	1814
1080	1815
1081	1816
1082	1817
1083	1818
1084	1819
1085	1820,1822
1086	1823
1087	1824
1088	1825,1826
1089	1827
1090,1091	1828,1829
1092	1830
1093	1831
-1	1832
1094	1833
1095	1834
1096	1835
1097	1836,1837
1098	1838
1099	1839,1840
1100	1841,1842
1101	1843
1102	1844
1103	1845
1104	1846
1105	1847
1106	1848,1849
1107	1850,1851
1108	1852,1853
1109	1854
1110	1855
1111	1856
1112,1113	1857
1114,1115	1858,1860
1116	1861
1117,1118	1862,1864
1119	1865,1867
1120	1868
1121	1869
