0	0
1	1,2
2	3
3	4,5
4	6
5	7
6	8
7	9
8	10
9	11
10	12
11	13
12	14,15
13	16
14	17,18
15	19
16	20
17	21
18	22,23
19	24
20	25
21	26
22	27
23	28
24	29
25	30
26	31
27	32
28	33
29	34
30	35
31	36
32	37
33	38
34	39
35	40
36	41
37	42
38	43
39	44
40	45
41	46
42	47
43	48
44	49
45	50
46	51
47	52
48	53
49	54
50,51	55
52	56
53	57
54,55	58
56	59,60
57	61
58	62
59	63
60	64
61	65
62	66
63	67
64	68
65	69
66	70
67	71
68	72
69	73,74
70	75
71	76,77
72	78,79
73	80
74	81
75	82
76	83
77	84
78	85
79	86
80	87
81	88
82,83	89
84	90
85	91
86	92
87	93
88	94
89	95
90	96
91	97
92	98
93	99
94,95	100
96	101
97	102
98	103
99	104
100	105
101	106
102	107
103	108
104	109
105	110
106	111
107	112
108	113
109	114
110	115
111	116
112	117
113	118
114	119
115	120
116	121,122
117	123
118	124
119	125
120	126
121	127
122	128
123,125	129
126	130
127,128	131
129	132
130	133
131	134
132	135
133,134	136
135	137,138
136,137	139
138	140
139	141
140	142
141	143
142	144
143	145,146
144	147
145	148
146	149,150
147	151
148	152
149	153
150	154
151,152	155
153	156
154	157
155	158
156	159
157	160
158,159	161
160	162
161	163
162	164
163	165
164	166
165	167
166	168
167	169
168	170
169	171
170	172
171	173
172	174
173	175
174	176
175	177
176	178
177	179
178	180,181
179	182
180	183
181	184
182	185
183	186
184	187,188
185	189
186	190
187	191,192
188	193
189	194,195
190,191	196
192	197
193	198
194	199
195	200
196	201
197	202
198	203
199	204
200	205,206
201	207
202	208
203	209
204,205	210
206	211
207	212,213
208	214,215
209	216
210	217
211	218
212	219,220
213	221
214	222
215	223
216	224
217	225
218	226
219	227,228
220	229
221	230
222	231
223,224	232,233
225	234
226	235
227	236
228	237,238
229	239
230,231	240,241
232	242
233	243
234	244
235,236	245
237	246
238	247
239	248
240	249,251
241	252
242	253
243,244	254
245	255
246	256
247	257
248	258
249	259
250	260
251	261
252	262
253	263
254	264
255	265
256,257	266
258,259	267
260	268
261	269
262	270
263	271
264,265	272
266	273
267	274
268,269	275,276
270,271	277
272	278
273	279
274	280,281
275	282
276	283
277	284
278	285
279	286
280	287
281,282	288,289
283	290
284	291
285	292
286	293
287	294
288	295
289	296
290	297
291	298
292,293	299
294,295	300,301
296	302
297	303
298,299	304
300	305
301	306
302	307,308
303,304	309,310
305	311
306	312
307	313
308	314
309	315
310	316
311	317
312,313	318
314	319
315	320
316	321
317	322
318	323
319	324
320	325
321	326
322,323	327
324	328
325	329
326	330
327	331
328	332
329	333
330	334
331	335
332	336
333	337
334	338
335,336	339
337	340
338	341
339	342
340,341	343,344
342,344	345,346
345,346	347
347	348
348	349
349	350
350	351
351	352
352	353
353	354
354	355,356
355	357,358
356	359
357	360
358	361
359	362
360	363
361	364
362	365
363	366
364	367
365	368
366	369
367	370,371
368	372
369	373
370,371	374
372	375
373	376
374	377
375	378
376	379,380
377	381,382
378	383
379	384
380	385
381	386,387
382	388
383	389,390
384	391
385	392
386	393
387	394
388,389	395
390	396
391	397
392	398
393	399
394	400,401
395	402
396	403
397	404,405
398	406
399	407
400	408
401	409
402	410
403	411,412
404	413
405,406	414,415
407	416
408	417
409	418
410	419
411	420
412,413	421
414	422
415	423
416	424
417	425
418	426
419,420	427
421	428
422	429
423	430,431
424	432
425	433
426	434
427	435
428	436
429	437
430,431	438
432	439
433,434	440
435	441
436	442
437,438	443,445
439	446
440	447
441	448
442	449
443	450
444	451
445	452
446	453
447	454
448	455
449	456
450	457
451	458
452	459
453	460
454	461
455	462
456	463,464
457	465
458	466
459	467
460	468
461	469
462,463	470,471
464	472
465	473
466	474
467	475
468	476
469	477
470	478
471	479
472	480
473	481
474	482
475	483,484
476	485
477	486
478	487
479	488
480	489
481	490
482	491
483	492
484,485	493,494
486	495
487	496
488	497
489	498
490	499
491	500
492	501
493	502
494	503
495	504
496	505
497	506
498	507
499	508
500	509
501	510
502	511
503	512,513
504	514
505,506	515
507	516
508	517
509	518
510	519
511	520
512	521
513	522
514	523,524
515	525,526
516	527
517	528
518,519	529,530
520	531
521	532
522	533
523,524	534
525	535
526	536
527	537
528	538,539
529	540
530	541
531	542
532	543
533	544
534	545,546
535	547
536	548,549
537	550
538	551
539	552,553
540	554
541	555
542	556,557
543	558
544	559
545	560
546	561
547	562
548	563
549	564
550	565
551	566
552	567,568
553	569
554	570,571
555	572
556	573
557	574
558	575
559	576,577
560	578
561,562	579
563	580
564	581
565	582
566	583
567	584
568	585
569	586
570	587
571	588
572	589
573	590
574	591,592
575	593,594
576	595
577	596
578	597
579	598
580	599
581	600
582	601
583	602,603
584	604
585	605
586	606
587	607
588	608
589	609
590,591	610
592	611
593	612,613
594	614,615
595	616
596	617
597	618
598	619
599	620
600	621
601	622
602	623
603	624
604	625
605	626
606	627
607	628,629
608	630
609	631
610	632
611	633
612	634
613	635
614	636
615	637
616	638
617	639
618	640,641
619	642
620	643
621	644
622	645
623	646
624	647
625	648
626	649
627	650,651
628	652
629	653
630	654
631	655,656
632	657
633	658
634	659
635	660
636	661
637	662
638	663
639	664
640	665
641	666
642	667
643	668
644	669
645	670
646	671
647	672,673
648	674
649	675
650	676
651,652	677,678
653	679,680
654	681
655	682
656	683
657	684,685
658	686
659	687
660	688
661	689
662	690
663	691
664	692
665	693,694
666	695
667	696
668,669	697
670	698
671	699
672	700,701
673	702
674	703
675	704
676	705
677	706
678	707
679	708
680	709
681	710,711
682	712
683	713
684	714,715
685	716
686	717
687	718
688	719
689	720
690	721
691	722
692	723
693,694	724,726
695	727
696	728
697	729,730
698	731
699	732
700	733
701	734
702	735
703	736
704	737
705	738
706	739
707	740
708	741
709	742
710	743,744
711	745
712	746
713	747
714	748
715	749
716	750
717	751
718	752,753
719	754,755
720	756
721	757
722	758
723	759
724	760
725	761
726	762
727	763
728	764
729	765
730	766
731	767
732	768
733	769
734	770
735	771
736	772,773
737	774
738	775
739	776,777
740,741	778
742	779
743	780,781
744	782
745	783
746	784
747	785
748	786
749	787
750	788
751	789
752	790
753	791
754	792
755	793
756	794
757	795
758	796
759	797
760	798,799
761	800
762	801
763	802
764	803
765,766	804
767	805
768	806
769	807
770	808
771	809
772	810
773	811
774	812
775	813
776	814
777	815
778,779	816
780	817
781	818
782	819
783	820
784	821
785,786	822
787	823
788	824
789	825
790	826
791	827
792	828
793	829
794	830
795	831
796	832
797	833
798	834
799	835
800	836
801	837
802	838
803	839
804	840
805	841
806	842
807	843
808	844
809	845
810	846
811	847
812	848
813	849
814	850
815	851
816	852
817	853
818	854
819	855
820	856
821	857
822	858
823	859
824	860,861
825	862
826	863
827	864
828	865,867
829	868
830	869,870
831	871,872
832	873,876
833	877
834	878
835	879,882
836	883
837	884,885
838	886
839	887
840	888
841	889
842	890
843	891
844	892
845	893
846	894
847	895
848	896
849	897
850	898
851,852	899
853	900
854	901
855	902
856	903
857	904
858	905
859	906
860	907
861	908
862	909
863,864	910
865	911
866	912
867	913
868	914,915
869	916
870	917
871	918
872	919
873	920
874	921
875	922
876	923,924
877	925,926
878	927
879	928
880	929
881	930
882	931
883	932,934
884	935
885	936,937
886	938
887	939,940
888	941
889	942
890	943
891	944
892	945
893	946
894	947
895	948
896	949,950
897	951
898	952
899,900	953
901	954
902	955,956
903	957
904	958
905	959
906	960
907	961
908	962
909	963
910	964
911	965
912	966
913	967
914	968
915	969
916	970
917	971
918	972
919	973
920	974
921	975
922	976
923	977
924	978
925	979
926	980
927	981
928	982
929	983
930	984,985
931	986
932	987
933	988
934	989
935	990
936	991
937	992
938	993
939	994
940	995
941	996
942	997
943	998
944	999
945	1000
946	1001
947	1002
948	1003
949	1004
950	1005
951	1006
952	1007
953	1008
954	1009
955	1010
956	1011,1012
957	1013
958	1014
959	1015
960	1016,1017
961	1018
962	1019
963	1020
964	1021,1022
965	1023,1025
966	1026
967	1027,1028
968	1029
969	1030
970	1031
971	1032
972	1033
973	1034
974	1035
975	1036
976	1037
977	1038
978	1039
979	1040
980	1041,1042
981	1043
982	1044
983	1045
984	1046
985	1047,1048
986	1049,1050
987	1051
988	1052
989	1053
990	1054
991	1055
992	1056
993	1057
994	1058
995	1059
996	1060
997	1061
998	1062
999	1063
1000	1064
1001	1065
1002	1066
1003	1067
1004	1068
1005	1069
1006	1070
1007	1071
1008	1072
1009	1073
1010	1074
1011	1075
1012	1076,1077
1013	1078
1014	1079
1015	1080
1016,1017	1081
1018	1082
1019	1083
1020	1084
1021	1085,1086
1022	1087
1023	1088
1024	1089
1025	1090
1026	1091
1027	1092
1028	1093
1029	1094
1030	1095
1031	1096
1032	1097
1033	1098
1034	1099
1035	1100
1036	1101
1037	1102
1038	1103,1104
1039	1105
1040	1106
1041	1107
1042	1108
1043	1109
1044	1110
1045	1111
1046	1112
1047	1113
1048,1049	1114
1050	1115
1051	1116
1052	1117
1053	1118
1054	1119
1055	1120
1056	1121
1057	1122
1058	1123
1059	1124
1060	1125
1061	1126
1062	1127
1063	1128
1064	1129
1065	1130
1066	1131
1067	1132
1068	1133
1069	1134
1070	1135
1071	1136
1072	1137
1073	1138
1074	1139
1075	1140
1076	1141
1077	1142,1143
1078	1144
1079	1145
1080	1146
1081	1147
1082	1148
1083	1149,1150
1084	1151
1085	1152
1086	1153
1087	1154
1088	1155
1089	1156
1090	1157
1091	1158,1159
1092	1160
1093	1161
1094	1162
1095	1163
1096,1097	1164,1165
1098	1166
1099	1167,1168
1100	1169
1101	1170,1171
1102	1172
1103	1173
1104	1174
1105	1175
1106	1176
1107	1177
1108	1178
1109	1179
1110	1180
1111	1181,1182
1112	1183
1113	1184
1114	1185
1115	1186
1116	1187
1117	1188
1118	1189
1119	1190
1120	1191
1121	1192
1122	1193
1123	1194
1124	1195
1125	1196,1197
1126	1198
1127	1199,1200
1128	1201
1129	1202
1130	1203
1131	1204
1132	1205
1133	1206
1134	1207
1135	1208
1136	1209
1137	1210
1138	1211
1139	1212
1140	1213
1141	1214
1142	1215
1143	1216
1144,1145	1217
1146	1218
1147	1219
1148	1220
1149	1221
1150	1222
1151	1223
1152	1224
1153	1225
1154	1226
1155	1227
1156	1228
1157	1229
1158	1230
1159	1231
1160	1232
1161,1162	1233
1163	1234
1164	1235
1165	1236,1237
1166	1238
1167	1239
1168	1240
1169	1241
1170	1242
1171	1243
1172	1244
1173	1245
1174	1246
1175	1247,1248
1176	1249
1177	1250
1178	1251
1179	1252,1253
1180	1254
1181	1255
1182	1256
1183	1257
1184	1258
1185	1259
1186	1260
1187	1261
1188	1262
1189	1263
1190	1264
1191	1265,1266
1192	1267
1193,1194	1268
1195	1269,1270
1196	1271
1197	1272
1198	1273
1199	1274
-1	1275
-1	1276
-1	1277
-1	1278
-1	1279
-1	1280
-1	1281
-1	1282
-1	1283
-1	1284
-1	1285
-1	1286
-1	1287
-1	1288
-1	1289
-1	1290
-1	1291
-1	1292
-1	1293
-1	1294
-1	1295
-1	1296
-1	1297
-1	1298
-1	1299
-1	1300
-1	1301
-1	1302
-1	1303
-1	1304
-1	1305
-1	1306
-1	1307
-1	1308
-1	1309
-1	1310
-1	1311
-1	1312
-1	1313
-1	1314
-1	1315
-1	1316
-1	1317
-1	1318
-1	1319
-1	1320
-1	1321
-1	1322
-1	1323
-1	1324
-1	1325
-1	1326
-1	1327
-1	1328
-1	1329
-1	1330
-1	1331
-1	1332
-1	1333
-1	1334
-1	1335
-1	1336
-1	1337
-1	1338
-1	1339
-1	1340
-1	1341
-1	1342
-1	1343
-1	1344
-1	1345
-1	1346
-1	1347
-1	1348
-1	1349
-1	1350
-1	1351
-1	1352
-1	1353
-1	1354
-1	1355
-1	1356
-1	1357
-1	1358
-1	1359
-1	1360
-1	1361
-1	1362
-1	1363
-1	1364
-1	1365
-1	1366
-1	1367
-1	1368
-1	1369
-1	1370
-1	1371
-1	1372
-1	1373
-1	1374
-1	1375
-1	1376
-1	1377
-1	1378
-1	1379
-1	1380
-1	1381
-1	1382
-1	1383
-1	1384
-1	1385
-1	1386
-1	1387
-1	1388
-1	1389
-1	1390
-1	1391
-1	1392
-1	1393
-1	1394
-1	1395
-1	1396
-1	1397
-1	1398
-1	1399
-1	1400
-1	1401
-1	1402
-1	1403
-1	1404
-1	1405
-1	1406
-1	1407
-1	1408
-1	1409
-1	1410
-1	1411
-1	1412
-1	1413
-1	1414
-1	1415
-1	1416
-1	1417
-1	1418
-1	1419
-1	1420
-1	1421
-1	1422
-1	1423
-1	1424
-1	1425
-1	1426
-1	1427
-1	1428
-1	1429
-1	1430
-1	1431
-1	1432
-1	1433
-1	1434
-1	1435
-1	1436
-1	1437
-1	1438
-1	1439
-1	1440
-1	1441
-1	1442
-1	1443
-1	1444
-1	1445
-1	1446
-1	1447
-1	1448
-1	1449
-1	1450
-1	1451
-1	1452
-1	1453
-1	1454
-1	1455
-1	1456
-1	1457
-1	1458
-1	1459
-1	1460
-1	1461
-1	1462
-1	1463
-1	1464
-1	1465
-1	1466
-1	1467
-1	1468
-1	1469
-1	1470
-1	1471
-1	1472
-1	1473
-1	1474
-1	1475
-1	1476
-1	1477
-1	1478
-1	1479
-1	1480
-1	1481
-1	1482
-1	1483
-1	1484
-1	1485
-1	1486
-1	1487
-1	1488
-1	1489
-1	1490
-1	1491
-1	1492
-1	1493
-1	1494
-1	1495
-1	1496
-1	1497
-1	1498
-1	1499
-1	1500
-1	1501
-1	1502
-1	1503
-1	1504
-1	1505
-1	1506
-1	1507
-1	1508
-1	1509
-1	1510
-1	1511
-1	1512
-1	1513
-1	1514
-1	1515
-1	1516
-1	1517
-1	1518
-1	1519
-1	1520
-1	1521
-1	1522
-1	1523
-1	1524
-1	1525
-1	1526
-1	1527
-1	1528
-1	1529
-1	1530
-1	1531
-1	1532
-1	1533
-1	1534
-1	1535
-1	1536
-1	1537
-1	1538
-1	1539
-1	1540
-1	1541
-1	1542
-1	1543
-1	1544
-1	1545
-1	1546
-1	1547
-1	1548
-1	1549
-1	1550
-1	1551
-1	1552
-1	1553
-1	1554
-1	1555
-1	1556
-1	1557
-1	1558
-1	1559
-1	1560
-1	1561
-1	1562
-1	1563
-1	1564
-1	1565
-1	1566
-1	1567
-1	1568
-1	1569
-1	1570
-1	1571
-1	1572
-1	1573
-1	1574
-1	1575
-1	1576
-1	1577
-1	1578
-1	1579
-1	1580
-1	1581
-1	1582
-1	1583
-1	1584
-1	1585
-1	1586
-1	1587
-1	1588
-1	1589
-1	1590
-1	1591
-1	1592
-1	1593
-1	1594
-1	1595
-1	1596
-1	1597
-1	1598
-1	1599
-1	1600
-1	1601
-1	1602
-1	1603
-1	1604
-1	1605
-1	1606
-1	1607
-1	1608
-1	1609
-1	1610
-1	1611
-1	1612
-1	1613
-1	1614
-1	1615
-1	1616
-1	1617
-1	1618
-1	1619
-1	1620
-1	1621
-1	1622
-1	1623
-1	1624
-1	1625
-1	1626
-1	1627
-1	1628
-1	1629
-1	1630
-1	1631
-1	1632
-1	1633
-1	1634
-1	1635
-1	1636
-1	1637
-1	1638
-1	1639
-1	1640
-1	1641
-1	1642
-1	1643
-1	1644
-1	1645
-1	1646
-1	1647
-1	1648
-1	1649
-1	1650
-1	1651
-1	1652
-1	1653
-1	1654
-1	1655
-1	1656
-1	1657
-1	1658
-1	1659
-1	1660
-1	1661
-1	1662
-1	1663
-1	1664
-1	1665
-1	1666
-1	1667
-1	1668
-1	1669
-1	1670
-1	1671
-1	1672
-1	1673
-1	1674
-1	1675
-1	1676
-1	1677
-1	1678
-1	1679
-1	1680
-1	1681
-1	1682
-1	1683
-1	1684
-1	1685
-1	1686
-1	1687
-1	1688
-1	1689
-1	1690
-1	1691
-1	1692
-1	1693
-1	1694
-1	1695
-1	1696
-1	1697
-1	1698
-1	1699
-1	1700
-1	1701
-1	1702
-1	1703
-1	1704
-1	1705
-1	1706
-1	1707
-1	1708
-1	1709
-1	1710
-1	1711
-1	1712
-1	1713
-1	1714
-1	1715
-1	1716
-1	1717
-1	1718
-1	1719
-1	1720
-1	1721
-1	1722
-1	1723
-1	1724
-1	1725
-1	1726
-1	1727
1200	1728
1201	1729
1202	1730
1203	1731
1204,1205	1732
1206	1733
1207	1734
1208	1735
1209	1736
1210	1737
1211	1738
1212	1739
1213	1740
1214	1741
1215	1742
1216	1743
1217	1744
1218	1745
1219	1746
1220	1747
1221	1748
1222	1749
1223	1750,1751
1224	1752
1225	1753
1226	1754
1227	1755
1228	1756,1757
1229	1758
1230	1759
1231	1760
1232	1761
1233	1762
1234	1763
1235	1764
1236	1765,1766
1237	1767
1238	1768
1239	1769
1240	1770
1241	1771
1242	1772
1243	1773
1244	1774
1245	1775
1246	1776
1247	1777
1248	1778
1249	1779
1250	1780
1251	1781
1252	1782
1253	1783
1254	1784
1255	1785
1256	1786
1257	1787
1258	1788
1259	1789
1260	1790
1261	1791
1262	1792
1263	1793
1264	1794
1265	1795,1796
1266	1797
1267	1798
1268	1799
1269	1800
1270	1801
1271	1802
1272	1803
1273	1804
1274,1275	1805
1276	1806
1277	1807
1278	1808
1279	1809
1280	1810
1281	1811
1282	1812
1283	1813
1284	1814
1285	1815
1286	1816
1287	1817
1288	1818
1289	1819
1290	1820
1291	1821
1292	1822
1293	1823
1294	1824
1295	1825
1296	1826
1297	1827
1298	1828
1299	1829
1300	1830
1301	1831
1302	1832
1303	1833
1304	1834
1305	1835
1306	1836
1307	1837
1308	1838,1839
1309	1840
1310	1841,1843
1311	1844
1312	1845
1313	1846
1314	1847
1315	1848
1316	1849
1317	1850
1318	1851
1319	1852
1320	1853,1854
1321	1855
1322	1856
1323	1857
1324	1858,1859
1325	1860
1326	1861
1327	1862
1328	1863
1329	1864
1330	1865
1331	1866
1332	1867
1333	1868
1334	1869
