0	0,1
1	2,5
2,3	6,7
4	8,9
5,6	10
7,8	11
9	12
10	13
11	14,15
12,13	16
14,15	17
16	18
17	19
18	20,21
19	22
20,21	23
22	24
23	25
24	26
25	27
26	28
27	29
28	30
29	31
30	32
31,32	33
33	34
34,35	35,36
36	37
37,38	38
39,41	39
42	40,41
43	42
44	43
45	44
46	45
47,48	46,47
49,50	48
51	49
52,53	50,51
54	52
55	53
56,57	54
58,59	55,57
60	58,59
61	60
62	61
63	62
64,65	63
66	64
67,68	65,66
69,71	67
72	68
73	69
74	70
75	71
76	72,74
77	75,77
78	78
79,80	79
81,83	80
84	81
85	82
86	83
87,88	84,85
89	86
90	87
91	88
92	89,90
93	91,92
94,96	93
97	94
98	95,96
99,100	97,99
101,102	100
103	101
104	102
105	103
106	104
107	105
108,109	106
110	107
111	108
112,113	109,111
114,115	112
116	113
117	114,115
118,119	116
120,122	117
123,124	118
125	119
126	120,122
127,128	123,124
129	125
130	126
131	127
132,134	128
135	129
136,137	130
138	131
139,140	132
141,143	133
144	-1
145	134
146	135
147	136
148	137
149	138
150	139,141
151	142
152	143
153	144
154	145
155	146
156	147
157	148
158	149
159	150
160	151
161	152
162	153
163	154
164	155
165	156,157
166	158
167	159
168	160
169	161,162
170,171	163,164
172	165,166
173	167,169
174	170
175	171
176	172
177	173
178	174
179	175
180	176
181	177
182	178
183	179,180
184	181,182
185	183
186,187	184
188,189	185
190	186,187
191	188
192,193	189
194	190
195,196	191,192
197	193
198	194,195
199	196,197
200,201	198,199
202	200
203	201
204	202
205	203
206	204,207
207	208
208	209,210
209	211
210	212,214
211	215
212,213	216
214,215	217
216	218
217,218	219,220
219	221
220	222,224
221	225
222	226,228
223,224	229
225	230,231
226,227	232,233
228	234
229,230	235,236
231,232	237
233	238,239
234	240
235	241,243
-1	244
236	245
237,238	246
239	247
240	248,249
241	250
242	251
243	252,253
244,245	254,255
246,247	256
248	257
249	258
250	259
251,252	260
253	261
254	262
255	263,265
256	266
257	267
258,260	268
261	269
262,263	270
264	271
265	272
266	273
267	274
268	275
269	276
270	277
271,273	278
274	279
275	280
276,278	281,282
279,280	283
281,282	284
283,284	285
285,287	286
288	287
289	288
290	289
291,292	290
293,294	291,292
295	-1
296	-1
297	-1
298	-1
299	-1
300	-1
301	-1
302	-1
303	-1
304	-1
305	-1
306	-1
307	-1
308	-1
309	-1
310	-1
311	-1
312	-1
313	-1
314	-1
315	-1
316	-1
317	-1
318	-1
319	-1
320	-1
321	-1
322	-1
323	-1
324	-1
325	-1
326	-1
327	-1
328	-1
329	-1
330	-1
331	293,294
332	295,296
333,334	297
335	298
336,338	299
339	-1
340	-1
341	-1
342	-1
343	-1
344	-1
345	-1
346	-1
347,348	300
349	301
350	302
351	303,304
352	305,306
353	307
354,356	308
357,358	309,310
359	311
360	312
361,362	313
363	314,315
364,365	316,317
366	318
367	319
368	320
369	321
370	322,323
371	324
372	325
373,374	326
375,376	327
377	328
378	329
379	330
380	331
381	332,335
382	336
383,384	337
385	338
386	339,341
387	342,343
388	344,347
389	348
390	349,352
391	353
392	354
393	355
394	356,357
395	358,361
396,397	362
398	363
399	364
400	365
401	366
402	367
403	368
404	369
405	370
406	371
407	372
408	373
409	374
-1	375
410	376
411	377,379
412,413	380
414	381,382
415	383,384
416	385
417	386
418	387
419	388
420,421	389
422,423	390
424	391,392
425	393
426	394
427,428	395
429	396
430	397
431	398,399
432,433	400
434	401,403
435	404
436,437	405
438	406
439,440	407
-1	408
441	409,412
442	413,414
443,444	415,417
445	418
446	419
447	420
448	421
449	422
450	423
451	424
452	425
453	426,427
454	428
455	429
456	430,432
457	433,434
458	435,436
459	437,438
460,462	439,440
463,465	441,442
466	443,445
467,468	446,447
469,470	448,449
471,473	450,451
474	452
475	453
476,477	454
478	455
479	456,457
480	458
481	459
482,483	460,461
484	462
485	463
486	464
487	465,468
488	469
489	470
490	471
491	472,473
492	474
493	475
494	476
495	477
496	478
497,498	479
499	480
500	481
501,502	482
503,504	483,484
505	485
506	486
507	487
508	488
509	489
510	490
511	491
512	492
513	493
514	494,495
515	496
516	497
517	498,499
518	-1
519	500
520,521	501
522	-1
523	-1
524	-1
525	-1
526	-1
527	-1
528	-1
529	-1
530,531	502
532	503
533	504,505
534	506
535	507
536	508
537	509,510
538	511
539	512
540	513
541	514
542	515
543	516,517
544	518
545,546	519,520
547	521,522
548,549	523,524
550	525
551	526
552,553	527
554	528
555,556	529
557	530,531
558,559	532
560	533,534
561	535
562	536
563,564	537,538
565,566	539
567	540,541
568,569	542,544
570	545
571,572	546
573	547
574	548
575	549
576	550
577,578	551,552
579,580	553
581,582	554
583	555
584	556
585,586	557
587	558,559
588,589	560,561
590	562
591	563,564
592,593	565
594,595	566
596,598	567
599,600	568
601	569,571
602	572,573
603,605	574,575
606	576
607	577,578
608,609	579
610	580
611	581
612	582
613	583
614	584
615	585
616	586
617	587
618	588
619	589
620	-1
621	590
622,623	591,593
624,625	594,595
626	596
627,628	597,598
629	599
630	600
631	601
632,633	602
634	603
635	604
636	605
637	606
638	607
639	608
640	-1
641,642	609
643	610
644,645	611
646	612,613
647	614
648,649	615
650,652	616
653	617
654,655	618
656	619
657	620
658	621
659	622
660	623,625
661,663	626
664	627
665	628
666	-1
667	629
668	630
669	631
670	632,634
671	635
672	636,637
673,675	638,639
676	640
677	641
678	642
679	643
680,681	644
682,684	645
685	646
686	647,648
687,689	649
690	650
691	651
692	652
693	653
694	654,655
695	656
696	657
697,698	658,659
699	660,661
700	662
701	663,664
702	665
703	666,667
704	668,669
705	670
706	671,672
707,708	673,674
709	-1
710	-1
711	-1
712	-1
713	-1
714	-1
715	-1
716	-1
717	-1
718	-1
719	-1
720	-1
721	-1
722	-1
723	-1
724	-1
725	-1
726	-1
727	-1
728	-1
729	-1
730	-1
731	-1
732	-1
733,734	675
735	676
736	677
737	678
738,740	679
741	680
742	681
743	682
744	683
745,746	684
747	685
748,749	686
750	687
751	688
752	689
753	690
754,755	691
756	692
757	693
758	694
759	695
760,761	696
762	697
763,764	698,699
765	700
766	701
767	702
768	703
769	704
770	705
771	706
772	707
773	708
774,775	709
776	710
777	711
778,779	712
780,781	713
782	714
783	715
784,785	716,717
786	718
787	719
788,789	720,721
790,791	722
792,793	723
794,795	724,725
796,797	726
798	727,728
799	729
800,801	730,731
802	732
803	733
804	734
805	735
806,807	736
808	737
809	738
810	739
811	740
812	741,743
813,814	744
815	745,746
816	747
817	748,749
818	750,751
819,820	752
821,824	753
825,826	754
827	755
828	756
829,830	757
831	758,760
832,833	761
834,835	762,763
