0	0,1
1	2
2	3
3	4
4	5
5,6	6
7	7
8	8
9	9
10	10
11	11
12	12
13	13
14	14,16
15	17
16,17	18,19
18	20
19	21
20	22,23
21	24,25
22	26
23	27
24	28
25	29
26	30
27	31,32
28	33,34
29	35
30	36
31,32	37
33	38
34	39,41
35	42,44
36	45
37	46
38,39	47,48
40	49,50
41	51
42,44	52
45	53
46	54,55
47	56,57
48	58
49,50	59,60
51	61,62
52,53	63
54,55	64,65
56	66
57	67,68
58	69,70
59	71,72
60	73,74
61	75
62,63	76,78
64	79
65	80
66	81
67	82
68	83
69	84,85
70	86
71	87
72	88
73	89,90
74	91
75	92
76	93
77	94
78	95
79	96
80	97
81	98
82	99
83	100,101
84,86	102,103
87,88	104
89,90	105
91	106
92	107
93,94	108,109
95	110
96,99	111
100	112
101	113,115
102	116
103	117
104,105	118
106	119,121
107	122,123
108	124
109	125,126
110	127
111	128,129
112	130,131
113	132
114	133
115	134,135
116	136,138
117	139
118	140,141
119	142,143
120	144
121	145
122	146,147
123	148,149
124	150
125,126	151,152
127	153
128	154
129	155
130	156,157
131,132	158,159
133	160
134	161
135	162
136,137	163,164
138	165
139	166
140,141	167
142	168,169
143	170
144	171
145	172
146	173
147	174
148	175,176
149	177,178
150	179
151	180
152	181,182
153	183
154	184
155	185,187
156,157	188
158,159	189
160,161	190,191
162,163	192
164	193
165	194
166,167	195
168	196,197
169	198
170,171	199,200
172	201,202
173	203
174,175	204
176	205,206
177	207
178	208,209
179	210
180	211
181,182	212,213
183,184	214
185,186	215,216
187	217,218
188	219
189	220
190,192	221
193	222
194,195	223
196	224
197	225
198	226
199	227,229
200	230
201	231
202	232
203	233
204	234
205,207	235,236
208,209	237,239
210	-1
211	240
212,213	241
214,216	242,243
217	244,245
218	246
219	247
220,221	248
222	249
223,224	250
225	251,253
226	254
227,228	255
229	256
230	257
231,232	258
233,234	259
235	260
236	261
237	262
238	263
239,240	264
241	265
242	266,267
243,244	268
245	269
246	270
247	271
248,249	272
250,251	273,274
-1	275
252,253	276
254	277
255,257	278
258	279
259	280
260,261	281,282
262,263	283,284
264,265	285,286
266	287
267,268	288
269,270	289
271	290
272	291
273	292
274	293
275	294
276	295,296
277	297
278	298
279	299
280,282	300
283,285	301
286,287	302
288	303,304
289	305
290,291	306,307
292,293	308,310
294	311
295,296	312
297	313
298	314,315
299,300	316,317
301	318,319
302,303	320,321
304	322
305,306	323,324
307,308	325,326
309,311	327
312	328
313,314	329
315,316	330
317	331,332
318	333,334
319	335,336
320,321	337
322,323	338
324	339
325	340
326	341,342
327,329	343
330	344
331,332	345
333	346
334	347
335	348
336	349,350
337	351
338	352,353
339	354
340	355
341	356
342	357
343	358
344	359
345	360
346	361
347	362
348	363
349	364
350	365
351	366
352	367
353	368
354	369,370
355	371,372
356	373
357,358	374,375
359	376
360	377,378
361,362	379
363	380
364	381
365,366	382
367,368	383
369	384
370	385
371	386,388
372	389
373	390
374	391
375,376	392,393
377	394
378	395
379,380	396
381	397
382,383	398
384	399,400
385,386	401,402
387	403
388,389	404
390	405
391	406,407
392	408
393	409
394	410,411
395,396	412,414
397	415
398	416
399	417
400,402	418
403	419,420
404,405	421,423
406	424
407	425
408,409	426,427
410,411	428
412	429
413,414	430,432
415	433,434
416,417	435
418	436
419	437
420	438,441
421	442,443
422,423	444,445
424	446,447
425	448
426	449
427	450
428	451
429	452
430	453,454
431	455
432,433	456,457
434	458
435	459,460
436,437	461,462
438	463,464
439	465,466
440	467
441	468
442	469
443,444	470
445	471
446	472
447	473,474
448	475
449	476,478
450	479
451,452	480,482
453,454	483
455	484,485
456,458	486,487
459	488
460	489
461	-1
462	490,491
463	492
464	493
465	494,495
466	496,497
467	498,500
468	501
469	502
470	503,504
471	505
472	506
473	507
474	508
475	509,510
476	511,512
477	513,514
478	515,516
479	517
480	518,519
481	520
482	521
483,485	522
486,487	523
488	524
489	525
490	526
491	527
492	528
493	529,531
494	532,533
495	534,535
496	536
497	537
498	538,540
499	541
500	542
501	543
502	544
503	545
504,505	546,547
506	548,550
507	551,552
508	553
509	554,556
510	557,558
511	559
512	560
513	561,563
514	564,566
515	567,568
516	569
517	570
518	571
519	572,574
520	575
521	576,577
522	578,580
523	581,582
524	583,584
525	585
526	586
527	587
528	588
529	589
530	590,591
531	592,593
532	594
533	595
534	596
535	597
536,537	598,599
538	600
539	601,602
540	603
541	604,606
542,543	607,608
544	609
545	610
546	611,612
547	613
548,549	614,616
550	-1
551	617
552	618
553	619
554	620
555,557	621,622
558,559	623
560	624
561	625
562	626
563,564	627
565	628
566	629
567	630
568	631
569	632,634
570	635
571	636
572	637,639
573,574	640
575	641
576	642
577	643
578	644
579,580	645
581	646
582,583	647,648
584	649
585	650,652
586	653
587	654
588,590	655
591	656
592	657
593	658,660
594	661
595	662
596	663
597	-1
598,599	664,665
600	666
601	667
602,603	668,669
604,605	670
606	671
607	672
608,609	673,674
610	675
611	676,678
612	679
613	680,682
614	683
615	684
616	685,686
617	687
618,620	688,689
621	690
622	691
623	692,693
624	694
625,627	695
628	696
629	697,698
630	699
631	700
632,633	701
634	702
635	703
-1	704
636	705
637,638	706,708
639	709,710
640	711
641	712
642	713
643	714
644	715,716
645	717
646	718
647,648	719,720
649	721,722
650	723,724
651	725
652	726
653	727
654	728
655	729
656	730
657	731
658	732,734
659	735
660	736
661	737
662	738
663	739
664	740,741
665,666	742
667	743
668,669	744,745
670,672	746
673	747,748
674	749,750
675,676	751,752
677	753
678	754
679	755,756
680,681	757
682	758,760
683	761
684	762,764
685	765,767
686	768
687	769
688	770
689	771
690	772
691	773
692	774
693	775
694	776,777
695	778
696	779,780
697	781,783
698	784
699	785,786
700	787
701	788
702,703	789
704	790
705	791,792
706	793
707	794
708	795
709	796
710	797
711,712	798
713	799
714	800
715	801
716	802
717,718	803
719	804
720	805,806
721	807
722,724	808,809
725,726	810
727	811
728	812
729	813
730,732	814
733	815
734	-1
735,736	816
737,739	817
740,742	818
743,745	819
746	820
747	821,822
748,749	823
750	824,825
751	826
752	827,828
753	829,831
754	832,834
755,756	835
757	836
758,759	837
760	838
761,762	839
763	840
764	841,843
765,766	844
767	845,846
768	847,849
769	850
770,773	851
774,777	852
778,781	853
782,784	854,855
785,786	856
787	857
788	858
789	859,860
790	861
791	862,863
792,793	864,865
794	866
795	867,868
796	869
797	870,873
-1	874
-1	875
-1	876
798	877
799	878
800	879
801	880
802,804	881,882
805	883
806	884
807	885
808,811	886
812	-1
813	-1
814,816	887
817	888
818	889
819	890
820,821	891
822	892
823	893,894
824	895,898
-1	899
825	900
826	901
827	902
828,829	903,905
830	906,907
831	908,909
832	910
833	911,912
834	913
835	914
836	915
837,838	916
839	917,919
840	920,923
-1	924
-1	925
841	926,929
842	930
843	931,933
844	934,937
-1	938
-1	939
845	940,943
-1	944
-1	945
-1	946
-1	947
846	948,949
847	-1
848	950
849	951,952
850	953,954
851,853	955
854	956
855	957,958
856	959
857	960
858	961
859,860	962
861	963
862,863	964
864	965,966
865	967
866	968
867,868	969
869	970
870	971,972
871	973,974
872	975,978
873	979,980
874,876	981,982
877	983,984
878	985,988
879	-1
880	989,990
881	991
882	-1
883	-1
884	-1
885	-1
886	-1
887	-1
888	-1
889	-1
890	-1
891	-1
892	-1
893	-1
894	-1
895	-1
896	-1
897	-1
898	992
899,901	993,994
902	995
903	996
904	997,998
905,906	999
907,909	1000
910	1001,1002
911	1003
912	1004
913	1005
914	1006
915,916	1007,1008
917	1009,1011
918	1012
919	1013
920	1014
921,922	1015
923,924	1016,1017
925,926	1018,1019
927	1020
928	-1
929	-1
930	-1
931	-1
932	-1
933	-1
934	-1
935	-1
936	-1
937	-1
938,939	1021,1022
940	-1
941	-1
942,943	1023,1024
944	1025,1027
945,946	1028,1029
947	1030,1031
948,949	1032
950	1033
951	1034
952	1035,1038
953	1039,1042
954	1043,1044
955	-1
956	-1
957	-1
958	-1
959	-1
960	-1
961	-1
962	-1
963	-1
964	-1
965	-1
966	-1
967	-1
968	-1
969	-1
970	-1
971	-1
972	-1
973,974	1045,1047
975	1048
976,977	1049
978	-1
979	-1
980	1050,1051
981	1052,1053
982	1054
983	1055
984	1056
985	1057
