0,1	0
2,3	1
4	2
5,6	3
7	4
8	5
9	6
10	7
11,12	8
13,14	9
15	10
16	11
17,18	12
19	13
20	14
21	15
22	16
23	17
24,25	18
26	19
27	20
28	21
29	22
30	23
31	24
32	25
33	26
34	27
35	28
36	29
37	30
38	31
39	32
40	33
41	34
42,43	35
44	36
45	37
46	38
47	39
48	40
49	41
50	42
51,52	43
53	44
54	45
55	46
56	47
57	48
58	49
59	50,51
60,61	52
62	53
63	54,55
64,65	56
66	57
67,68	58
69	59
70	60
71	61
72	62
73	63
74,75	64
76	65
77	66
78	67
79	68
80,81	69
82	70
83,84	71
85,86	72
87	73
88,89	74
90	75
91	76
92	77
93	78
94	79
95	80
96	81
97	82,83
98	84
99	85
100	86
101	87
102	88
103	89
104	90
105	91
106	92
107	93
108	94,95
109	96
110	97
111	98
112	99
113	100
114	101
115	102
116,117	103
118	104
119	105
120,121	106
122	107
123,124	108
125	109
126	110
127	111
128	112
129,130	113
131	114
132	115
133,134	116
135	117
136	118
137	119
138	120
139,140	121
141	122
142	123,124
143	125
144	126
145	127,128
146	129
147,148	130
149	131
150	132
151	133
152	134
153	135
154	136
155	137
156	138
157	139
158	140
159	141
160	142
161	143,144
162	145
163,164	146
165	147
166	148
167	149
168	150
169	151,152
170	153
171	154
172	155
173	156
174,175	157
176	158,159
177	160
178	161
179	162
180	163
181	164
182	165
183	166
184,185	167
186	168
187	169
188	170
189	171
190,191	172
192	173
193	174
194	175
195	176
196	177
197,198	178
199	179
200	180
201	181
202	182
203	183
-1	184
204	185
205	186
206	187
207	188
208,209	189
210	190,191
211,212	192
213	193
214	194
215	195
216	196
217	197
218,219	198
220	199
221	200
222	201
223	202
224	203
225	204,205
226	206
227,228	207
229	208
230,231	209
232	210
233	211
234,235	212
236	213
237	214
238,239	215
240	216
241	217
242	218
243,244	219
245	220
246	221
247	222
248,249	223,224
250	225
251	226
252	227
253,254	228
255	229
256,257	230,231
258	232
259	233,234
260	235,236
261,262	237
263	238
264	239
265,267	240
268	241
269	242
270	243,244
271	245
272	246
273	247
274	248
275	249
276	250
277	251
278	252
279	253
280	254
281	255
282	256,257
283	258,259
284	260
285,286	261
287	262
288	263
289	264,265
290	266
291	267
292,293	268,269
294	270,271
295	272
296,297	273
298,299	274
300	275
301	276
302	277
303	278
304	279
305	280
306,307	281,282
308	283
309	284
310	285
311	286
312	287
313	288
314	289
315	290
316	291
317	292,293
318	294
319	295
320	296
321	297
322	298,299
323	300
324	301
325,326	302
327	303
328	304
329	305
330	306
331	307
332	308
333	309
334	310
335	311
336	312,313
337,338	314,315
339	316
340,341	317
342	318
343	319
344	320,323
345	324,326
346	327
347	328
348,349	329
350,351	330
352	331
353	332
354	333
355,356	334
357	335,336
358	337
359	338
360	339
361,362	340,341
363	342
364,365	343,344
366	345,346
367	347
368	348
369	349
370	350
371	351
372	352
373	353
374,375	354
376,377	355
378	356
379	357
380	358
381	359
382	360
383,384	361
385	362
386	363
387	364
388	365
389	366
390,391	367
392	368
393,394	369
395	370,371
396	372
397	373
398	374
399	375
400,401	376
402,403	377
404	378
405	379
406,407	380
408	381
409	382
410,411	383
412,413	384,385
414,415	386
416	387
417	388,389
418	390
419	391
420	392
421	393
422,423	394
424	395
425	396
426,428	397
429	398
430	399
431	400
432	401
433	402
434,435	403
436	404
437,438	405,406
439	407
440	408
441	409
442	410
443	411
444	412
445	413
446	414
447	415
448,449	416
450,451	417
452	418
453	419
454	420
455	421
456	422
457,459	423
460	424
461	425
462	426
463	427
464	428
465	429
466,467	430,431
468,469	432
470,471	433,434
472,473	435
474,475	436
476,478	437
479	438
480	439
481	440
482	441
483	442
484	443
485	444
486	445
487	446
488	447
489	448
490	449
491	450
492	451
493	452
494	453
495	454
496	455
497,499	456
500	457
501	458
502	459
503	460,461
504,505	462,463
506	464
507	465
508,509	466
510	467
511	468
512	469
513	470
514	471
515	472
516	473
517	474
518,519	475
520	476
521	477
522	478
523	479
524	480
525	481
526	482
527	483
528,530	484
531	485
532	486
533	487
534	488
535	489
536	490
537	491
538	492
539,540	493
541	494
542,543	495
544	496
545	497
546,547	498
548	499
549	500
550	501
551	502
552,554	503
555	504
556	505
557	506
558,559	507
560	508
561,562	509
563	510
564	511
565	512
566	513
567,569	514
570,571	515
572	516
573	517
574,575	518
576	519
577,578	520
579	521
580,581	522
582	523,524
583	525
584,585	526
586	527
587,588	528
589,590	529
591	530
592	531
593	532
594	533
595,596	534
597	535
598,599	536
600	537
601	538
602,603	539
604	540
605,606	541
607,608	542
609	543
610,613	544
614	545
615,616	546
617	547
618,619	548
620	549
621	550
622,623	551
624,625	552
626	553
627	554
628	-1
629	555
630,631	556
632,633	557
634	558
635	559
636	560
637	561
638,639	562
640,641	563
642	564,565
643	566
644	567
645	568
646,647	569
648	570
649	571
650	572
651	573
652,653	574
654,656	575
657,658	576
659	577
660,661	578
662	579
663,664	580
665	581
666	582
667,668	583
669,670	584
671,672	585
673	586
674	587
675,677	588
678	589
679	590,591
680	592
681,682	593
683,685	594
686	595
687	596
688	597
689	598
690	599
691,692	600
693	601
694	602
695	603
696,697	604
698	605
699	606
700,701	607
702	608
703	609
704,705	610
706	611
707	612
708,709	613
710	614
711,712	615
713	616
714	617
715,716	618
717	619
718	620
719	621
720	622
721	623
722,723	624
724	625
725,726	626
727,728	627
729	628
730	629
731,732	630
733,734	631
735	632
736	633
737	634
738	635
739	636
740	637
741	638
742	639
743	640
744	641
745	642
746	643
747,748	644
749	645
750	646
751,752	647
753	648
754	649
755	650
756,757	651,652
758,759	653
760	654
761	655
762,763	656
764,765	657
766	658
767,768	659
769	660
770	661
771	662
772	663
773	664
774,775	665
776	666
777	667
778	668,669
779,781	670
782	671
783,784	672
785	673
786	674
787	675
788	676
789	677
790,791	678
792,793	679
794	680
795	681
796,798	682
799	683
800,801	684
802	685
803	686
804,805	687
806	688
807	689
808	690
809	691
810	692
811,812	693
813	694
814	695
815	696
816,817	697
818,819	698
820	699
821	700
822	701
823,824	702
825	703
826	704
827	705
828	706
829	707
830	708
831	709
832,833	710
834	711
835	712
836	713
837	714
838	715
839	716
840	717
841,842	718
843,844	719
845	720
846,847	721
848	722
849	723
850	724
851	725
852	726
853	727
854	728
855	729
856,857	730
858	731
859	732
860	733
861	734
862	735
863,865	736
866	737
867	738
868,869	739
870	740
871	741
872	742
873,874	743
875,876	744
877	745
878	746
879	747
880	748
881	749
882,883	750
884	751
885	752
886	753
887,888	754
889	755
890	756
891	757
892	758
893,894	759
895,896	760
897	761
898	762
899	763
900	764
901	765
902	766
903	767
904	768
905	769
906,907	770
908	771
909	772
910	773
911	774
912	775
913	776
914	777
915	778,779
916	780
917,918	781
919,920	782
921	783
922	784
923	785
924	786
925	787
926	788
927	789
928	790
929	791
930	792
931	793
932	794
933,934	795
935	796
936	797
937	798
938	799
939,940	800
941	801
942	802
943	803
944	804
945	805
946	806
947	807
948	808
949	809
950,951	810
952	811
953	812
954	813
955,956	814
957	815
958	816
959	817
960	818
961	819
962	820
963	821
964	822
965	823
966	824
967	825
968	826
969	827
970,971	828
972	829
973	830
974,975	831
976,978	832
979	833,834
980	835
981	836
982	837
