0,1	0
2	1,2
3	3
4	4,6
5	7
6	8,9
7,8	10
9	11
10	12
11	13
12	14,15
13,15	16,17
16	18,19
17	20
18	21
19	22,23
20	24
21	25
22	26
23	27
24	28
25	29
26	30
27	31
28	32
29,30	33
31,32	34
33,35	35
36	36
37	37
38	38
39,41	39
42	40
43	41
44	42
45	43
46	44
47	45
48	46
49	47
50,51	48,49
52	50,52
53	53
54,55	54
56	55
57	56
58,59	57,58
60	59,60
61,62	61
63	62,63
64	64
65	65
66	66
67,68	67
69	68
70	69
71	70
72	71
73	72
74	73
75	74
76	75
77,78	76,77
79	78
80	79
81	-1
82	80
83	81
84,85	82
86	83
87	84
88	85
89,90	86
91	87
92	88
93	89
94	90
95	91
96	92
97,98	93
99	94
100	95
101	96
102,103	97,99
104	100
105	101,102
106	103
107	104
108,109	105,106
110	107,108
111	109,111
112	112,114
113	115
114,115	116
116	117
117,119	118,119
120,121	120
122	121
123	122
124	123
125,126	124
127	125
128,129	126
130,131	127
132,133	128
134	129,130
135	131
136,139	132
140,141	133
142,143	134
144	135
145	136
146	137
147	138
148	139
149	140
150	141
151	142
152	143
153	144
154	145,146
155	147
156,157	148,149
158	150
159	151,153
160	154
161	155
162	156,157
163	158
164	159
165	160,162
166	163
167	164,166
168	167,169
169	170
170	171
171	172
172	173
173	174
174	175
175	176
176	177
177	-1
178	178
179	179
180	180,181
181	182
182	183
183	184
184,185	185
186	186
187	187
188,189	188,190
190,191	191,193
192	194,195
193	196,197
194,195	198,199
196	200,201
197	202,203
198	204
199	205,206
200	207,208
201	209
202	210
203	211
204	212,213
205	214
206	215
207	216
208	-1
209	217
210	218
211	219,220
212	221
213	222
214	223,224
215	225
216	226,228
217,218	229,230
219	231
220	232,233
221	234,236
222,223	237
224	238
225	239
226	240
227	241
228	242
229	243
230	244
231	245
232,233	246
234	247
235	248,249
236	250
237	251
238	252,253
239	254,255
240	256,257
241	258,259
242,243	260,262
244	263
245	264,265
246	266
247	267,268
248	269,270
249	271
250	272,273
251	274
252	275
253	276
254	277
255	278
256	279
257	280
258	281,282
259	283,284
260	285,286
261	287
262	288
263	289,290
264	291
265	292
266	-1
267	-1
268	-1
269	-1
270	-1
271	-1
272	-1
273	-1
274	-1
275	-1
276	-1
277	-1
278	-1
279	-1
280	-1
281	-1
282	-1
283	-1
284	-1
285	-1
286	-1
287	-1
288	-1
289	-1
290	-1
291	-1
292	-1
293	-1
294	-1
295	-1
296	-1
297	293
298	294
299	295
300	296
301	297,298
302	299
303	-1
304	-1
305	-1
306	-1
307	-1
308	300
309	301,302
310,311	303
312	304,306
313,314	307
315	308
316	309
317,318	310
319,320	311,312
321	313
322	314,315
323	316,317
324	318
325	319,322
326	323
327	324,326
328	327
329	328,329
330	330,331
331	332
332	333,335
333,334	336
335,336	337
337	338
338	339,341
339	342,343
340	344,346
341	347
342	348
343	349,351
344	352,353
345	354,355
346	356,357
347	358
348	359
349	360
350	361
351	362
352,353	363
354	364
355	365
356,357	366
358	367
359	368
360	369,370
361	371
362	372,373
363	374
364	375
365	376
366	377,378
367	379
368,369	380
370	381,382
371	383
372	384
373	385
374	386
375,376	387
377	388
378	389
379	390
380	391
381	392
382	393
383	394
384	395
385,386	396
387	397
388	398
389	399
390	400
391	401,403
392,393	404
394,395	405
396	406
397	407
398	408,409
399	410
400	411,412
401	413
402	414
403,404	415,417
405	418
406	419
407	420
408	421
409	422
410	423
411	424
412	425
413	426,428
414	429,430
415	431
-1	432
416	433
417	434
-1	435
418	436,439
419,420	440
421,422	441
423	442
424	443
425	444,445
426	446,447
427	448,449
428	450,451
429	452,453
430	454
431,432	455
433	456,457
434,435	458
436	459
437	460
438,439	461
440,441	462
442,443	463
444,445	464,465
446	466
447	467,468
448	469
449	470,471
450	472
451	473
452	474
453	475
454,455	476,478
456	479,481
457	482
458	483,484
459,460	485
461	486
462	487
463	488
464	489
465,466	490
467	491
468	492
469	493
470	494,495
471	496
472	497
473,474	498
475,476	499
477	500
478,479	501
480	-1
481	-1
482	-1
483	-1
484	-1
485	-1
486	-1
487	-1
488,489	502,503
490	504
491	505
492	506
493	507
494	508
495	509
-1	510
496	511
497	512,513
498	514
499	515
500	516,517
501	518
502,503	519
504	520,521
505	522
506	523,525
507	526
508,510	527
511,512	528
513,514	529
515,516	530
517	531
518	532
519	533,534
520	535,536
521	537,538
-1	539
522	540,543
523	544,546
524	547
525	548
526	549
527	550
528,530	551
531,532	552
533,534	553
535,536	554
537	555
538,540	556
541,542	557
543	558
544	559
545,546	560
547	561
548,551	562
552	563
553	564
554,556	565
557,559	566
560	567
561,563	568
564	569
565,566	570,571
567,568	572,573
569,570	574
571	575
572	576
573	577
574	578
575,577	579
578	580
579	581
580	582
581	583
582	584
583,584	585
585	586
586	587
587	588
588,589	589
590,591	590,591
592,594	592
595	593
596	-1
597	-1
598	-1
599	-1
600	-1
601	-1
602	-1
603	594
604	595
605,606	596
607	597
608	598
609	599
610	600
611	601
612	602
613	603
614	604,605
615	606
616	607,608
617	609
618,619	610
620	611
621	612,614
622	615
623	616
624	617,618
625	619
626	620
627	621,622
628	623
629	624
630	625
631	626
632,634	627
635	628,629
636	630
637	631
638,639	632
640	633,634
641	635
642	636
643	637
644,645	638,639
646	640
647	641,642
648	643
649	644
650,651	645
652	646
653	647,648
654	649
655	650,652
656	653
657	654
658,659	655
660	656
661	657
662	658
663	659
664	660
665	661,662
666	663,664
667	665
668	-1
669	666,669
670	670,671
671	672,673
672	674
673	-1
674	-1
675	-1
676	-1
677	-1
678	-1
679	-1
680	-1
681	-1
682	-1
683	-1
684	-1
685	-1
686	-1
687	-1
688	-1
689	-1
690	-1
691	-1
692	-1
693	-1
694	-1
695	675,677
696	678
697,698	679
699	680
700	681
701	682,683
702	684,685
703	686
704,705	687,688
706	689
707	690
708	691,692
709	693,694
710	695
711	696
712	697
713	698,699
714	700
715,716	701
717	702,703
718	704,705
719	706
720	707
721	708
722	709
723	710
724	711
725	712
726	713
727	714
728	715
729	716,717
730,731	718,719
732	720
733	721
734	722
735	723
-1	724
736	725
737	726,727
738	728,730
739	731
740,741	732
742	733,734
743	735
744,745	736,738
746	739,740
747,748	741
749	742
750	743
751	744
752	745,746
753	747
754	748
755	749
756	750
757	751,752
758,760	753
761	754
762,763	755
764	756
765	757
766	758,759
767	760
768,770	761
771,772	762,763
