0,1	0
2	1
3	2
4	3,4
5	5
6	6,7
7,8	8
9	9
10	10
11	11
12	12
13	13
14,15	14,15
16,17	16,17
18,19	18,19
20	20
21	21
22	22
23	23
24	24
25	25
26	26
27	27
28	28
29,30	29
31,32	30
33,35	31
36	32
37	33
38	34
39,41	35
42	36
43	37
44	38
45	39
46	40
47	41
48	42
49	43
50,51	44,45
52	46,48
53	49
54	50
55	51
56	52
57	53
58	54
59,60	55,57
61,62	58
63	59,60
64	61
65	62
66	63
67,68	64
69	65
70	66
71	67
72	68
73,74	69
75	70
76,77	71
78,79	72
80	73
81	-1
82	74
83	75
84,85	76
86	77
87	78
88	79
89,90	80
91	81
92	82,83
93	84
94	85
95	86
96	87
97,98	88
99	89
100	90
101	91
102	92
103	93,95
104	96
105	97,98
106	99
107	100
108	101
109	102
110	103,104
111	105,107
112	108,109
113	110
114,115	111
116	112
117,119	113,114
120,121	115
122,123	116
124	117
125,126	118
127	119
128,129	120
130,131	121
132,133	122
134	123,125
135	126
136,138	127,128
139	-1
140,141	129
142,143	130
144	131
145	132
146,147	133,134
148,149	135
150	136
151	137
152	138
153	139
154	140,141
155	142
156	143
157	144
158	145
159	146,147
160	148
161	149
162	150
163	151
164	152
165	153,154
166	155
167	156,157
168	158
169	159
170	160
171	161
172	162
173	163
174	164
175	165
176	166
177,178	167
179	168
180	169
181,182	170
183	171
184,185	172
186	173
187	174
188,189	175,177
190,191	178,179
192	180,181
193	182,183
194,196	184,185
-1	186
197	187
198	188
199,200	189,191
201,202	192
203	193
204	194
205	195
206	196
207	197
208	-1
209	198
210	199
211	200,201
212	202
213	203
214	204,205
215	206
216	207
-1	208
217,218	209,210
219	211
220	212
221	213,214
222,223	215
224	216
225	217
226	218
227,228	219
229	220
230	221
231	222
232	223
233,234	224
235	225,226
236,237	227,228
238,239	229,231
240	232,233
241	234,236
242,243	237,239
244,245	240
246	241
247	242,244
248	245,246
249	247
250	248,249
251	250
252	251
253	252
254	253
255	254
256	255
257	256,257
258	258,260
259	261,262
260	263,265
261	266
262	267
263	268,269
264	270,271
265	272
266,268	273,274
269	275,276
270	277,278
271	279,280
272	281,283
273	284
274	285,286
275	287
276	288
277	289
278	290,291
279	292,293
280	294
281	295
282	296,297
283	298
284	299
285	300
286	301
287	302
288	303,304
289	305,306
290	307
291	308,309
292	310
293	311
294	312,315
295,296	316
297	317
298	318
299	319
300	320,323
301	324,326
302	327,328
303,304	329
305	330
306	331,332
307	333
308	334
309	335,337
310,311	338
312	339,340
313	341,342
314,315	343,344
316	345
317	346
318,319	347
320	348,349
321	350
322	351,352
323,324	353,354
325,326	355,357
327	358,360
328	361
329	362,363
330	364,365
331,332	366,367
333,334	368
335,336	369
-1	370
337	371
338	372,373
339	374,375
340	376
341	377
342	378
343	379,381
344	382
345	383
346	384,385
347	386
348	387
349	388
350	389
351	390
352,353	391
354	392
355	393
356,357	394
358	395
359	396
360	397
361	398
362	399
363	400
364	401
365	402
366	403
367	404
368,369	405,406
370	407
371	408
372	409
373	410
374	411
375	412
376	413
377,378	414,415
379	416
380	417
381	418
382	419
-1	420
383	421
384	422
385,387	423
388	424
389	425
390	426
391	427,429
392	430
393	431
394,395	432
396	433,434
397	435
398	436
399,400	437,438
401	439
402	440
403,404	441,443
405	444
406	445
407	446
408	447
409	448
410	449
411	450
412	451
413	452,454
414,415	455,456
-1	457
416	458
417	459,460
418	461,464
419,420	465
421	-1
422	466
423	467
424	468
425	469,470
426	471,472
427	473,474
428	475
429	476
430	477
431,432	478
433	479,480
434,435	481
436	482
437	483
438,440	484
441	485
442,443	486
444,445	487,488
446	489
447	490,491
448	492
449	493,494
450	495
451	496
452	497
453	498
454	499
455	500
456	501,503
457	504
458	505,506
459,460	507
461	508
462	509
463	510
464	511
465,466	512
467	513
468,469	514
470	515
471	516
472	517
473,475	518
476	519
477	520
478,479	521
480,481	522
482	523,525
483	526
484,485	527
486,487	528
488,489	529
-1	530
490,491	531
492	532
493	533
494,495	534
496	535
497	536
498	537
499	538
500	539
501	540
502,503	541
504	542
505	543
506,507	544,545
508	-1
509,510	546
511,512	547
513,514	548
515,516	549
517	550
518	551
519	552
520	553,554
521	555
-1	556
522	557,560
523	561,562
524	563
525	564
526	565
527	566
528,530	567
531,532	568
533,534	569
535,536	570
537	571
538,540	572
541,542	573
543,544	574
545	-1
546,547	575
548,551	576
552	577
553	578
554,556	579
557,559	580
560	581
561,563	582
564	583
565,566	584
567,568	585
569,570	586
571	587
572,573	588
574	589
575	590
576,577	591
578	592
579,580	593
581,582	594
583,584	595
585	596
586	597
587	598
588,589	599
590,591	600,601
592,594	602
595	603
596	604
597	605
598	606
599	607
600	608
601,602	609
603	610
604	611
605,606	612
607	613
608	614
609	615
610	616
611	617
612,613	618
614	619,620
615,616	621,623
617	624
618,619	625
620	626
621	627,628
622	629
623	630
624	631
625	632
626	633
627	634,635
628	636
629	637
630	638
631	639
632,634	640
635	641,642
636	643
637	644
638,639	645
640,641	646,647
642	648
643	649
644,645	650,651
646	652
647	653
648	654
649	655
650,651	656
652,653	657,658
654	659
655	660,662
656	663
657	664
658,660	665
661	666
662	667
663	668,669
664	670
665	671
666	672
667,668	673
669	674,677
670	678,679
671	680
672	681
673,674	682
675	683
676,678	684
679	685
680,682	686,687
683	688
684	689
685,686	690
687	691
688,689	692,694
690	695
691	696
692,694	697
695	698,700
696	701
697,698	702
699	703
700	704
701	705,706
702	707,708
703	709
704,705	710
706	711
707	712
708	713,714
709	715,716
710	717
711,712	718
713	719
714	720
715,716	721
717	722,723
718	724,725
719	726
720	727
721	728
722	729
723	730
724	731
725	732
726	733
727	734
728	735
729	736
730	737
731	738
732,733	739
734	740
735	741,742
736	743
737	744,746
738,739	747,749
740,741	750
742	751,752
743	753
744,745	754,756
746	757,758
747,748	759
749,750	760
751	761
752	762,763
753	764
754	765
755	766
756	767
757	768,769
758,760	770
761	771
762,763	772
764	773
765	774
766	775,776
767	777
768,769	778
770	779
771,772	780,781
773	782
774	783
775	784
776	785
777	786,787
778	788
779	789
780	790
781	791
782,783	792
784	793
-1	794
785,786	795
787	796
788	797
789	798,799
790	800
791,792	801
793	802
794	803
795	804
796	805
797	806
798	807,808
799	809
800	810
801	811
802	812
803	813,814
804	815
805	816
806	817
807	818
808	819
809	820
810	821,822
811	823
812	824
813	825,826
814	827,828
815	829
816	830,831
817	832,833
818	834
819	835,837
820,821	838
822,823	839,840
824	841,842
825	843
826,828	844,845
829	846
830,831	847
832	848
833	849
834	850
835	851,852
836	853
-1	854
837	855,856
838	857
839	858
840	859,860
841	861
842	862,863
843	864
844	865
845	866,867
846	868
847	869
848	870
849	871
850	872
851	873,876
-1	877
-1	878
852	879,882
-1	883
853	884,887
854	888,891
855	892
856	893
857	894
858	895
859,860	896
861	897
862	898
863	899
864	900,901
865	902,903
866	904,906
867,868	907
869,870	908
871,872	909
873	910
874,875	911
876	912
877,878	913,914
879	915
880	916
881,882	917,919
883	-1
884	920
885	921
-1	922
886	923,926
-1	927
-1	928
887	929,931
888	932
889	933,934
890	935
891	936,938
892,894	939
895	940
896	941
897	942,943
898,899	944,946
900,901	947
902	948,950
903	951
904	952
905	953
906,907	954,955
908,909	956
910	957,959
911,912	960
913	961,962
914	963
915	964
916	965
917,918	966
919	967
920	968
921	969
922,923	970
924,925	971
926,927	972
928,929	973
930	974
931	975
932	976
933	977
934	978
935,936	979
937,938	980,981
939	982
940,941	983
942	984
943	985,986
944	987
945	988
946	989
947	990
948,949	991,992
950	993
951	994
952	995,996
953	997
954	998
955	999,1002
956	1003,1004
957,958	1005
959	1006
960	1007
961,963	1008
964	1009
965,966	1010
967	1011
968	1012
969	1013,1014
970	1015
971,972	1016,1017
973	1018
974	1019
975	1020,1021
976	1022
977	1023
978	1024
979	1025
-1	1026
980	1027,1028
981	1029
982	1030,1033
-1	1034
983,986	1035
987	1036
988	1037,1038
989	1039,1041
990,991	1042,1043
-1	1044
-1	1045
-1	1046
-1	1047
-1	1048
-1	1049
-1	1050
-1	1051
-1	1052
-1	1053
-1	1054
-1	1055
-1	1056
-1	1057
-1	1058
-1	1059
-1	1060
-1	1061
-1	1062
-1	1063
-1	1064
-1	1065
-1	1066
992	1067
993	1068,1070
994	1071,1074
995	1075
996	1076
997,998	1077
999	1078
1000	1079,1080
1001	1081
1002	1082
1003,1004	1083
1005	1084
1006	1085,1087
1007	1088
1008	1089,1090
1009,1010	1091
1011	1092
1012	1093
1013	1094
1014	1095
1015	1096,1097
1016	1098,1099
1017	1100
1018	1101
1019,1020	1102
-1	1103
-1	1104
-1	1105
-1	1106
-1	1107
-1	1108
-1	1109
-1	1110
-1	1111
-1	1112
-1	1113
-1	1114
-1	1115
-1	1116
-1	1117
-1	1118
-1	1119
-1	1120
1021,1022	1121,1123
-1	1124
-1	1125
-1	1126
-1	1127
-1	1128
-1	1129
1023	1130,1132
1024	1133,1134
1025	1135
1026	1136
1027	1137
1028,1029	1138
1030,1031	1139
1032	1140
1033	1141
1034	1142
1035	1143,1144
1036	1145,1147
1037,1038	1148,1149
1039,1040	1150,1151
1041	1152
1042	1153
1043	1154,1155
1044	1156
-1	1157
-1	1158
-1	1159
-1	1160
-1	1161
-1	1162
-1	1163
-1	1164
-1	1165
-1	1166
-1	1167
-1	1168
-1	1169
-1	1170
-1	1171
-1	1172
-1	1173
-1	1174
-1	1175
-1	1176
-1	1177
-1	1178
-1	1179
-1	1180
-1	1181
-1	1182
-1	1183
1045	1184
1046	1185
1047	1186
1048	1187
1049	1188
-1	1189
-1	1190
-1	1191
1050,1051	1192
1052	1193
1053	1194
1054	1195
1055	1196
1056	1197,1198
1057	1199
