0	0
1	1,2
2	3
3	4,5
4	6
5,7	7
8	8,9
9	10,11
10	12,13
11	14
12	15
13	16
14	17,18
15,16	19
17,18	20
19	21
20	22
21	23
22,23	24,25
24	26
25	27
26,27	28
28	29
29,31	30,31
32,33	32
34	33
35	34,35
36,37	36
38	37
39	38,39
40	40
41,42	41,42
43	43
44	44,45
45	46
46,47	47,48
48	49
49	50
50,51	51
52	52
53	53
54,55	54
56	55,56
57,58	57
59	58
60	59,60
61,62	61
63	62
64	63
65,66	64
67,68	65
69	66
70	67
71	68
72	69
73	70
74	71,73
75	74
76	75
77	76
78	77
79,80	78
81	79
82	80
83	81
84,85	82
86	83
87,90	84
91	85
92,94	86
95	87
96	88,89
97	90
98,99	91
100,102	92
103,104	93
105,106	94,95
107	96
108,109	97
110,111	98,99
112	100
113	101
114	102
115	103,104
116	105
117	106
118	107,108
119	109
120	110,112
121	113
122	114
123,124	115
125	116
126	117
127,128	118,120
129	121
130	122,123
131	124
132	125
133	126,127
134,136	128
137,139	129
140	130
141	131
142	132
143	133
144	134
145	135
146,147	136,137
148	138
149	139
150	140,141
151,152	142
153,154	143
155	144
156	145
157	146,147
158	148
159	149
160,161	150
162	151
163	152
164	153
165,166	154,155
167,168	156,158
169	159
170	160,161
171	162,163
172	164,165
173,174	166,167
175	168
176	169,170
177,178	171
179	172,173
180,181	174
182	175
183	176
184	177,178
185	179,180
186,187	181
188	182
189,191	183,184
192	185,186
193,196	187
197	188
198	189
199	190
200,201	191,192
202	193
203	194
204,205	195,196
206,208	197
209,210	198,199
211	200
212	201
213,214	202,203
215	204,205
216,217	206
218,219	207
220,221	208
222	209
223,224	210,211
225	212
226	213,214
227	215
228	216,217
229	218
230,231	219
232	220
233	221
234	222
235,236	223
237	224,225
238	226
239,240	227,228
241	229
242	230
243	231
244	232
245,246	233
247	234
248,249	235
250	236
251	237
252	238
253	239
254	240
255	241
256,257	242
258,260	243
261	244
262	245
263,264	246
265	-1
266,269	247
270	248
271,272	249
273	250
274	251
275,276	252,253
277,278	254
279,280	255
281	256
282,283	257,258
284	259
285	260
286,287	261,262
288	263,264
289,290	265,266
291	267
292,293	268
294	269,270
295	271
296	272
297	273
298,299	274
300	275
301	276
302	277,278
303,304	279,280
305,306	281,282
307	283
308,309	284
310	285
311,314	286
315	287
316	288
317	289,290
318	291,292
319	293,294
320,321	295
322	296
323,326	297
327	298
328	299
329,330	300
331,333	301,302
334,336	303,304
337	305
338	306,307
339	308
340	309,310
341,344	311
345	312
346	313
347	314,316
348	317
349	318
350,352	319,320
353	321
354	322
355	323
356,359	324
360	325
361	326,327
362	328
363	329
364,365	330,331
366	332
367	333
368	334
369	335
370	336
371	337
372,375	338
376	339
377	340
378,379	341
380,381	342
382	343
383	344,345
384,385	346
386	347
387	348
388,389	349
390,391	350,351
392	352
393	353
394	354,355
395	356
396	357,358
397	359,360
398	361
399,400	362
401	363
402	364
403	365
404	366
405,406	367
407	368
408	369
409	370
410	371
411	372
412,413	373
414	374
415	375,376
416	377,378
417,418	379,380
419,420	381,382
421,422	383
423	384,386
424,425	387,388
426	389
427	390
428,429	391
430,431	392,393
432	394,395
433,434	396
435	397
436	398
437	399
438	400
439	401,403
440	404,405
441	406
442,443	407,408
444	409
445	410
446	411
447,449	412
450	413
451	414
452	415
453,454	416
455	417
456	418,419
457	420
458,460	421,422
461,462	423
463	424,425
464,465	426,427
466,468	428,429
469	430
470	431
471,473	432
474,476	433,434
477	435
478	436
479,481	437
482	438
483,484	439,440
485	441
486	442,443
487,488	444
489,491	445
492	446,447
493	448,449
494,495	450,451
496,497	452
498	453
499,502	454
503,504	455,456
505,506	457
507	458
508	459
509	460,461
510	462
511	463
512	464,465
513,514	466,467
515	468
516	469
517	470
518	471
519	472
520	473
521	474
522,524	475
525	476
526	477
527	478,479
528	480,481
529	482,483
530	484
531	485
532,533	486,487
534	488,490
535,536	491,492
537	493
538,539	494
540	495,496
541	497,498
542	499
543	500
544	501,503
545	504
546	505,507
547	508
548	509,510
549	511
550	512,513
551	514,515
552	516
553	517,518
554	519
-1	520
555	521
556	522,523
557,559	524
560,562	525,526
563,564	527
565	528
566,567	529
568,569	530,531
570,571	532,533
572	534
573	535,536
574	537,538
-1	539
575	540
576,577	541,543
578	544
579	545,546
580	547
581,582	548
583	549,550
584	551
585	552
586	553
587	554,555
588,590	556
591	557
592	558,559
593	560
594	561,562
595	563
596	564
597	565
598	566,567
599	568
-1	569
600,601	570,571
602	572,573
603	574
604	575
605	576
606	577
607	578,579
608,609	580,581
610	582,583
611	584
612	585
613	586,587
614	588
615	589,590
616	591
617	592
618	593,594
619,620	595,596
621,623	597
624	598
625	599
626	600
627	601
628	602
629	603
630	604,606
631	607,608
632	609
633	610
634	611
635	612
636	613
637	614,616
638	617
639	618
640,641	619
642	620
643	621
644	622
645	623,624
646	625
647	626,627
648	628
649	629
650,651	630,631
652	632,633
653,654	634,636
655	637,638
656	639
657,658	640,641
659	642
660,662	643
663	644
664,665	645,647
666	648,649
667	650
668	651
669	652
670	653
671,672	654
673	655,656
674,677	657
678	658
679,680	659
681	660,661
682	662,664
683	665
684	666,667
685	668
686	669
687	670,672
688	673,674
689	675
690	676,677
691	678
692	679
693	680
694	681
695	682
696	683,684
697	685,687
698,699	688,689
700	690
701	691
702	692,693
703	694
704	695
705,706	696
707,708	697
709	698
710	699
711	700
712	701
713	702
714	703
715	704
716,717	705
718	706,709
719	710
720	711,712
721,723	713,714
724	715
725	716
726	717
727	718
728	719
729	720
730	721,722
731	723
732	724
733	725,726
734,735	727
736	728,730
737	731
738	732
739	733,734
740	735,736
741,742	737
743	738
744	739
745	740
746,747	741
748	742
749	743
750	744
751	745
752	746
753	747,748
754	749
755	750
756	751,752
757	753
758	754,755
759,760	756,757
761	758
762	759,760
763	761
764	762
765	763
766	764
767	765
768,769	766
770	767,768
771	769
772	770
773	771
774	772
775	773
776	774
777	775
778,779	776,777
780	778
781	779,780
782	781
783	782
784,785	783
786	784
787	785
788,789	786
790,791	787
792	788
793	789
794	-1
795	790,791
796	792,793
797	794,795
798	796
799	797,798
800	799
801	800
802,803	801,803
804	804,805
805	806,808
806	809
807,808	810,811
809	812
810	813,814
811	815,816
812	817,819
813	820
814	821,822
815	823
816	824
817	825
818	826
819	827
820	828
821	829,832
822,823	833,834
824,826	835
827	836
828	837,839
829	840
830	841
831	842
832,834	843
835	844,845
836,837	846
