0	0,1
1	2
2	3
3	4
4	5
5	6
6	7
7	8
8	9
9	10,11
10	12,14
11	15
12	16
13	17
14	18
15	19
16	20
17	21
18	22
19	23
20	24
21	25
22	26
23	27
24	28
25	29
26	30
27	31
28	32
29	33
30	34
31	35
32	36
33	37
34	38
35	39
36	40
-1	41
37	42,43
38	44,45
39	46
40	47
41	48
42	49
43	50
44	51
45	52
46	53
47	54
48	55
49	56,57
50	58
51	59
52	60
53	61,62
54	63
55	64
56	65
57	66
58	67
59	68
60	69
61	70
62	71
63	72
64	73
65	74,75
66	76,77
67	78
68	79
69	80
70	81
71	82
72	83
73	84
74	85
75	86
76	87
77	88
78	89,90
79	91,92
80	93
81	94
82	95,96
83	97
84	98
85	99
86	100
87	101,102
88	103
89	104
90	105
91	106
92	107
93	108
94	109
95	110
96	111
97	112
98	113
99	114
100	115
101	116
102	117
103	118
104	119
105	120,121
106	122
107	123
108	124
109	125
110	126
111	127
112	128
113	129
114	130
115	131
116,117	132
118	133
119	134
120	135
121	136
122	137
123	138
124	139
125	140
126	141
127	142
128	143
129	144
130	145,146
131	147,148
132	149
133	150
134	151
135	152
136	153
137	154
138	155
139	156
140	157
141	158
142	159
143	160,161
144	162
145	163
146	164
147	165
148	166
149	167
150	168
151	169
152	170
153	171
154	172
155	173
156	174,175
157	176
158	177
159	178
160	179
161	180
162	181
163	182
164	183
165	184
166	185
167	186
168	187
169	188
-1	189
170	190,191
171	192
172	193
173	194
174	195
175	196
176	197
177	198
178	199
179	200
180	201
181	202
182	203
183	204,206
184	207
185	208
186	209
187	210
188	211
189	212
190	213
191	214,215
192	216,217
193	218
194,195	219
196	220
197	221,222
198	223
199	224
200,201	225,226
202	227
203	228
204	229
205	230
206	231
207	232
208	233
209	234
210	235
211	236
212	237
213,214	238
215	239
216	240
217	241,242
218	243
219	244
220	245
221	246
222	247
223	248
224	249
225	250
226	251
227	252
228	253
229	254
230	255
231	256
232	257
233	258
234	259
235	260
236	261
237	262
238	263
239	264,265
240	266
241	267
242	268,269
243	270
244	271
245	272
246,247	273
248	274
249	275
250	276
251	277
252	278
253	279
254	280
255	281
256	282
257	283
258	284
259	285
260	286
261,262	287,288
263	289
264	290
265	291
266	292,293
267	294
268	295
269	296
270	297
271	298
272	299
-1	300
273	301,302
274	303
275	304
276	305
277	306
278	307
279	308
280	309
281	310
282	311
283	312
284	313
285	314
286	315
287	316
288	317
289	318
290	319
291	320
292	321,322
293	323
294	324
295	325
296	326
297	327
298	328
299	329
300	330
301	331
302	332
303	333
304,305	334
306	335
307	336
308	337
309	338
310	339
311	340
312	341
313	342
314	343
315	344,345
316	346
317	347
318	348
319	349
320	350
321	351,352
322	353
323	354
324	355
325	356
326	357
327	-1
328	358
329	359
330	360
331	361
332	362
333	-1
334	363
335	364
336	365
337	366
338	367
339	368
340	369
341	370
342	371,372
343	373
344	374
345	375
346	376
347	377,378
348	379
349	380
350	381
351	382
352	383
353	384
354	385
355	386
356	387
357	388
358	389
359	390,391
360	392
361	393
362	394,395
363	396
364	397
365	398
366	399
367	400
368	401
369	402
370	403
371	404
372	405
373	406
374	407
375	408
376,377	409
378	410
379	411
380	412
381	413
382	414
383	415
384	416
385	417
386	418
387	419
388	420,421
389	422
390	423
391	424
392	425
393	426
394	427
395	428
396	429
397	430
398	431
399	432
400	433
401	434
402	435
403	436
404	437
405	438
406	439
407	440
408	441
409	442
410	443
411	444
412	445
413	446
414	447
415	448
416	449
417	450
418	451
419	452
-1	453
420	454,455
421	456
422	457
423	458
424	459
425	460,461
426	462,463
427	464
428	465
429	466
430	467
431	468
432	469
433	470
434	471,472
435	473
436	474
437	475,476
438,439	477
440	478
441	479
442	480
443	481
444	482
445,446	483,484
447	485
448	486
449	487
450	488
451	489
452	490
453	491
454	492
455	493
456	494
457	495
458	496
459	497
460	498
461	499
462	500
463,464	501
465	502,503
466	504
467	505
468	506
469	507,508
470,471	509,510
472	511
473,474	512
475,476	513
477,478	514
479	515
480	516
481	517
482	518,519
483	520
484	521
485	522
486	523
487	524
488	525
489	526,527
490	528
491	529,530
492	531
493	532
494	533
495,496	534
497	535,536
498	537
499	538
500	539
501	540
502	541
503	542
504	543
505	544
506	545
507	546
508	547
509	548
510	549
511	550,551
512	552
513	553
514	554
515	555
516	556
517	557
518	558
519	559
520	560
521,522	561
523	562
524	563
525,526	564
527	565
528	566
529	567
530	568
531	569
532	570
533	571
534	572
535	573
536	574,575
537	576
538	577
539	578
540	579
541	580
542	581
543	582
544	583
545,546	584
547	585
548,549	586
550	587
551,552	588
553	589
554	590
555	591
556	592,593
557	594
558	595
559	596
560	597
561	598
562	599
563,564	600
565	601
566	602
567	603
568	604,605
569	606
570	607
571	608
572	609
573	610
574	611
575	612,613
576	614
577	615
578	616
579	617
580,581	618
582	619
583	620
584	621
585	622
586	623,624
587	625
588	626
-1	627
589,590	628
591	629,630
592	631
593	632
594	633
-1	634
595	635
596	636
597	637
598	638
599	639
600	640
601	641
602	642
603	643,644
604	645
605	646
606	647
607	648
608	649
609	650
610	651
611	652
612	653
613	654
614	655
615	656
616	657
617	658
618	659
619	660
620	661,662
621	663
622	664
623	665
624	666
625	667
626	668
627	669,670
628	671
629	672
630	673
631	674
632	675
633	676
634	677
635	678
636,637	679
638	680,681
639	682
640	683
641	684
642	685
643	686
644	687
645	688
646	689
647	690
648	691
649	692
-1	693
650	694
651	695
652	696
653	697
654	698
655	699
656	700
657	701
658	702
659	703
660	704
661	705
662	706
663	707
664	708,709
665	710
666	711
667	712
668	713
669,670	714
671	715
672	716
673	717
674	718
675	719
676	720
677	721
678,679	722
680	723
681	724,725
682	726
683	727
684,685	728
686	729
687	730
688	731
689	732
690	733
691	734
692	735
-1	736
693,694	737
695	738
696	739
697	740
698	741
699	742
700	743
701	744
702	745
703	746
704	747
705	748
706	749
707	750,751
708	752
709	753
710	754
711	755
712	756
713	757
714	758
715	759
716	760
717	761
718	762
719	763
720	764
721	765
722	766
723	767
724	768
725	769
726	770,771
727	772
728	773
729	774
730	775
731	776,777
732	778
733	779
734	780
735	781
736,737	782
738	783
739,740	784
741	785
742	786
743	787
744	788
745	789
746	790
747	791
748	792
749	793
750,751	794
752	795
753	796
754	797
755	798
756,757	799
758	800
759	801
760	802
761	803
762	804
763	805
764	806
765	807
766	808
767	809
-1	810
768	811
769	812
770	813
771	814
772	815
773	816
774	817
775	818
776	819
777	820
778	821
779	822
780	823
781	824
782	825
783	826
784	827
785	828
786	829
787	830
788	831
789	832
790	833
791	834
792	835,836
793	837
794	838
795	839
796,797	840
798	841
799	842
800,801	843
802	844
803	845
804	846,847
805	848
806	849
807	850
808	851
809	852
810,811	853
812	854
813	855
814	856
815	857
816	858
817	859
818	860
819	861
820	862
821	863
822	864
823	865
824	866
825	867
826	868
827	869
828	870
829	871
830	872
831	873
832	874
-1	875
833	876
834	877
835,836	878
837	879
838	880
839	881
840	882
841	883
842	884
843	885
844	886,887
845	888
846	889
847	890
848	891,892
849	893
850	894,895
851	896
852	897
853	898
854	899
855	900
856,857	901
858	902
859	903
860	904
861	905
862	906
863,864	907
865	908
866,868	909
869	910
870	911
871	912
872	913
873	914
874	915
875,877	916
878	917
879,880	918
881	919
882	920
883	921
884	922
885	923
886	924,925
887	926,927
888	928
889	929
890	930
891	931
892	932
893	933
-1	934
894	935
895	936
896	937
897	938
898	939
899	940
900	941,942
-1	943
-1	944
-1	945
-1	946
-1	947
-1	948
-1	949
-1	950
-1	951
-1	952
-1	953
-1	954
-1	955
-1	956
-1	957
-1	958
-1	959
-1	960
-1	961
-1	962
-1	963
-1	964
-1	965
-1	966
-1	967
-1	968
-1	969
-1	970
-1	971
-1	972
-1	973
-1	974
-1	975
-1	976
-1	977
-1	978
-1	979
-1	980
-1	981
-1	982
-1	983
-1	984
-1	985
901	986
902	987
903	988
904	989
905	990
906	991
907	992
908,909	993
910	994
911,912	995
913	996
914	997
915	998
916	999
917	1000
-1	1001
918	1002
919	1003
920	1004
921	1005,1007
922	1008
923,924	1009,1010
925	1011
926	1012
927	1013
928	1014,1015
929	1016
-1	1017
930	1018,1019
931	1020
932	1021
933	1022
934	1023
935	1024,1025
936	1026
937	1027
938	1028
939	1029,1030
940,941	1031
942	1032
943	1033
944	1034
945	1035
946	1036
947	1037
948	1038
949	1039
950	1040,1041
951	1042
952	1043
953	1044
954	1045
955	1046
956	1047
-1	1048
-1	1049
-1	1050
-1	1051
-1	1052
-1	1053
-1	1054
-1	1055
-1	1056
-1	1057
-1	1058
-1	1059
-1	1060
-1	1061
-1	1062
-1	1063
-1	1064
-1	1065
-1	1066
-1	1067
957	1068
958	1069
959	1070
960	1071
961	1072
962	1073
963	1074
964	1075
965	1076
966	1077
967	1078
968	1079
969	1080
970	1081
971	1082
972	1083
973	1084
974	1085
975	1086
976	1087
977	1088
978	1089
979	1090
980	1091
981	1092
982	1093
983	1094
984	1095
985	1096
986	1097
987	1098
988	1099
989	1100
990	1101
-1	1102
-1	1103
-1	1104
-1	1105
-1	1106
-1	1107
-1	1108
-1	1109
-1	1110
-1	1111
-1	1112
-1	1113
-1	1114
991	1115
992	1116
993	1117
994	1118
995	1119,1120
996	1121
997	1122
998	1123
999	1124
1000	1125
1001	1126
1002	1127,1128
1003	1129
1004	1130
1005	1131
1006	1132
1007	1133
1008	1134
1009	1135
1010	1136
1011	1137
1012	1138
1013	1139
1014,1015	1140,1142
1016	1143
1017	1144
1018	1145
1019	1146
1020	1147
1021	1148
1022	1149
1023,1024	1150
1025	1151
1026	1152
1027	1153
1028	1154
1029	1155
1030	1156
1031	1157
-1	1158
-1	1159
-1	1160
-1	1161
-1	1162
-1	1163
-1	1164
-1	1165
-1	1166
-1	1167
-1	1168
-1	1169
-1	1170
-1	1171
-1	1172
-1	1173
-1	1174
-1	1175
-1	1176
-1	1177
-1	1178
-1	1179
-1	1180
-1	1181
1032	1182
1033	1183
1034	1184
1035	1185
1036	1186
1037	1187
1038	1188
1039	1189
1040	1190
1041	1191
1042	1192
1043	1193
1044	1194
1045	1195
1046	1196
1047	1197
1048	1198
1049	1199
1050	1200
1051	1201
1052	1202
1053	1203
1054	1204
1055	1205
1056	1206
1057	1207
1058	1208
1059	1209
1060	1210
1061	1211
1062	1212
1063	1213
1064,1065	1214
1066	1215
1067	1216
1068	1217
1069	1218
1070,1071	1219
1072	1220
1073	1221
1074	1222
1075,1076	1223
1077	1224
1078	1225
1079	1226
1080	1227
1081,1082	1228
1083	1229
1084	1230
1085	1231
1086	1232
1087	1233
1088	1234
1089	1235
1090	1236
1091	1237
1092	-1
1093	-1
1094	-1
1095	1238
1096	1239
1097	1240
1098	1241
1099	1242
1100	1243
1101	1244
1102	1245
1103	1246,1247
1104,1105	1248
1106	1249
1107	1250
1108	1251
1109	1252
1110	1253,1254
1111	1255
1112	1256
1113	1257
1114	1258
1115	1259
1116	1260
1117,1118	1261
1119	1262
1120,1121	1263
1122	1264
1123	1265
1124	1266
1125	1267
1126	1268
1127	1269
1128	1270
1129	1271
-1	1272
-1	1273
-1	1274
-1	1275
-1	1276
-1	1277
-1	1278
-1	1279
-1	1280
-1	1281
-1	1282
-1	1283
-1	1284
-1	1285
-1	1286
-1	1287
-1	1288
-1	1289
-1	1290
-1	1291
-1	1292
-1	1293
-1	1294
-1	1295
-1	1296
-1	1297
-1	1298
-1	1299
-1	1300
-1	1301
-1	1302
1130	1303,1304
1131	1305
1132	1306
1133	1307
1134	1308
-1	1309
1135	1310
1136	1311
1137,1138	1312
1139	1313
1140,1141	1314
1142	1315
1143	1316
1144	1317,1318
1145	1319
1146	1320
1147	1321
