0	0
1	1,2
2	3
3	4,6
4,6	7
7	8
8	9
9	10,11
10	12,13
11	14
12	15
13	16
14	17,19
15,16	20
17	21
18	22
19	23
20	24,25
21	26,27
22,23	28
24	29
25	30
26,29	31
30,32	32
33	33
34	34,35
35	36,37
36	38,39
37	40
38,39	41,42
40	43,45
41	46
42	47
43	48
44	49
45	50
46	51
47	52,53
48	54
49	55,56
50,51	57
52	58
53	59,60
54,55	61
56	62
57	63
58,59	64,65
60	66
61,63	67,68
64	69
65	70
66	71
-1	72
67	73
68	74
69	75
70	76
71	77
72,73	78
74	79
75	80,81
76,77	82
78	83
79,82	84
83,84	85
85,86	86,87
87	88
88	89
89	90
90,91	91
92,94	92
95	93
96,97	94
98	95
99	96
100	97
101	98,99
102	100
103,104	101
105	102
106	103,104
107	105
108	106
109	107,108
110	109
111	110,112
112	113
113	114
114	115
115	116,117
116	118,119
117	120
118	121
119	122,123
120	124
121	125,126
122,124	127,128
125,127	129
128	130,131
129	132
130	133,134
131,132	135,137
133	138
134	139
135	140,141
136	142
137,138	143
139	144
140	145
141	146,147
142	148,149
143,144	150
145	151
146	152
147	153
148	154
149	155,156
150	157,158
151	159
152	160,161
153	162,163
154	164
155	165,167
156,157	168
158	169,170
159,160	171
161	172
162,163	173,174
164	175,176
165	177
166	178
167,168	179,181
169	182
170,171	183,184
172	185,186
173,176	187
177	188
178	189
179	190
180	191
181	192
182	193,194
183,184	195,196
185,186	197
187	198,199
188	200
189	201
190,191	202
192	203
193	204
194,195	205
196,197	206
198	207
199,200	208
201	209
202,203	210
204	211
205	212
206	213,214
207	215
208	216,218
209,210	219
211	220,221
212	222
213	223
214	224,225
215	226
216,217	227,228
218	229
219	230,232
220,221	233
222	234
223,224	235
225	236,238
226	239
227,228	240
229	241
230	242
231,232	243
233	244
234	245
235	246
236,238	247
239	248
240,241	249
242	250
243,244	251
245	252,253
246	254
247	255
248	256,259
249	260
250,251	261,262
252	263
253	264
254	265
255	266
256,257	267
258	268
259	269,270
260	271,272
261	273
262	274
263,264	275,276
265	277
266	278
267,268	279,280
269,270	281,282
271	283
272	284
273	285
274,275	286,287
276	288
277	289,290
278	291,292
279	293,294
280	295
281	296
282,285	297
286	298
287	299
288,289	300
290,291	301,302
292	303,304
293,294	305,306
295	307,308
296	309,310
297,298	311
299	312,313
300	314
301	315,317
302,304	318,319
305	320,321
306	322
307,309	323,324
310,311	325
312	326,327
313	328
314	329,330
315,316	331
317	332,333
318	334
319	335
320	336
321	337
322,324	338
325	339
326,327	340,341
328,329	342
330	343
331	344
332	345
333	346
334	347
335	348
336	349
337	350
338	351
339	352
340,342	353,354
343	355,356
344	357,358
345	359,360
346	361
347,348	362
349	363
350	364
351	365
352	366
353,354	367,368
355	369,370
356	371
357	372
358,359	373
360	374,376
361	377
362	378
363	379
364	380
365,367	381,382
368,369	383
370	384
371	385,386
372	387,388
373	389,390
374	391
375,376	392,393
377	394
378	395
379	396
380	-1
381	397
382,383	398
384	399,401
385	402,404
386	405
387	406,407
388,389	408
390	409
391	410,411
392,393	412
394	413,414
395	415,416
396	417,418
397	419
398	420,421
399	422
400,401	423,425
402,403	426,427
404,406	428,429
407	430,431
408,409	432
410	433
411	434
412,413	435
414	436
415,417	437
418	438
419,420	439,441
421	442,443
422,424	444,445
425	446,447
426	448,450
427	451
428,429	452
430,432	453,454
433	455,456
434	457
435	458
436,437	459,461
438	462,463
439	464,465
440,441	466
442	467
443,444	468
445	469
446	470
447,448	471
449	472,473
450	474
451	475
452	476
453,454	477
455,456	478,480
457,458	481
459	482
460	483
461	484
462,463	485
464	486,487
465	488,490
466	491,492
467	493,494
468	495,496
469	497
470	498,499
471	500
472	501,503
473	504
474	505
475	506,507
476	508
477	509,510
478	511
479	512,513
480	514,517
481	518,519
-1	520
482	521
483,484	522,524
485,487	525,526
488,489	527
490	528
491,492	529
493,494	530
495	531,532
496,497	533
498	534
499	535
500	536
501	537
502	538
503	539
504	540
505	541
506,507	542,543
508	544
509	545,546
510,511	547
512,513	548
514	549,551
515	552
516,517	553
518	554,555
519,520	556
521	557
522	558,560
523	561,562
524	563
525	564
526	565
527	566,567
528	568
529	569
530	570,571
531,532	572,573
533	574
534	575
535	576
536	577
537	578,579
538,539	580,581
540	582,583
541	584,585
542	586,587
543	588
544	589,590
545	591
546	592,593
547	594
548	595
549,550	596,597
551	598
552,553	599
554	600
555	601
556	602
557	603
558	604
559	605,606
560	607,608
561	609
562	610
563	611
564	612
565	613
566	614,616
567	617
568	618
569	619
570	620
571	621
572	622,624
573	625
574,575	626,627
576	628
577	629
578	630
579,580	631
581	632,633
582	634,635
583,584	636,638
585	639,640
586	641
587	642
588,590	643
591	644
592,593	645,647
-1	648
594	649
595	650
596,597	651,652
598,600	653,654
601	655
602,603	656,657
604	658
605,606	659
607	660,661
608	662
609	663,664
610	665
611	666,667
612	668,669
613	670,672
614	673,674
615	675
616	676,677
617	678
618	679
619	680
620	681
621	682
622	683,684
623	685,686
624	687
625,626	688
627	689,690
628	691
629	692,693
630	694
631	695
632,633	696
634	697
635	698
636	699
637	700,702
638	703
639	704,705
640	706,708
641,642	709,710
643	711
644,645	712,714
646	715,716
647	717
648	718
649	719,720
650	721,723
651	724
652	725,726
653,654	727
655	728,730
656	731
657	732
658	733,736
659	737
660	738
661	739
662	740,741
663	742,743
664	744
665	745
666	746
667	747,748
668	749
669	750
670	751,752
671	753
672	754,755
673,674	756,757
675	758,760
676	761
677	762
678	763
679	764,765
680,681	766
682	767,768
683	769
684	770,771
685	772,775
686	776
687,688	777
689	778,779
690	780
691	781
692	782
693,694	783,785
695	786
696,697	787,788
698	789
699	790,791
700	792,793
701	794,795
702	796,797
703	798
704	799
705	800
706,707	801,803
708	804,805
709	806,808
710	809
711,712	810,811
713	812
714	813,814
715	815,816
716	817,819
717	820
718	821,822
719	823
720	824,825
721	826
722,724	827,828
-1	829
-1	830
725	831
726	832,833
727	834
728,729	835
730	836
731	837,838
732	839
733	840
734	841
735,736	842
737,740	843
741,743	844,845
744,745	846
