0	0,1
1	2
2	3
3	4
4	5
5	6
6	7
7	8
8	9
9	10
10	11,12
11	13,14
12	15
13	16
14	17
15	18
16	19
17,18	20
19	21
20	22
21	23
22	24
23	25
24	26
25	27
26	28
27	29
28	30
29	31
30	32
31	33
32	34
33	35
34	36
35	37
36	38
37	39
38	40
39	41
40	42,43
41	44
42	45
43	46
44	47
45	48
46	49
47	50
48	51,52
49	53
50	54
51	55
52	56
53	57
54	58
55	59
56	60,61
57	62
58	63
59	64
60	65
61	66
62	67,68
63	69
64	70
65	71
66	72
67	73
68	74,75
69	76
70	77
71	78
72	79
73	80
74	81
75	82
76	83
77	84
78	85
79	86
80	87
81	88,89
82	90
83	91
84	92
85	93
86	94
87	95
88	96
89	97
90	98
91	99
92	100
93	101
94	102
95	103
96	104
97	105
98	106
99	107
100	108
101	109
102	110
103	111
104	112
105	113
106	114
107	115
108	116,117
109	118
110	119
111	120,121
112	122
113	123,124
114	125
115	126
116	127
117	128
118	129,130
119	131
120	132
121	133
122	134
123	135
124	136
125	137
126	138
127	139,140
128	141
129	142,143
130	144
131	145
132	146
133	147,148
134	149
135	150
136	151,152
137	153
138,139	154,155
140	156
141	157
142	158
143	159
144	160
145,147	161
148	162
149	163
150	164
151	165
152	166
153	167
154	168
155	169
156	170
157	171
158	172
159	173
160	174,175
161	176
162	177
163	178
164	179
165	180
166	181
167	182
168	183
169	184,185
170	186
171	187
172	188
173	189
174	190,191
175	192
176	193
177	194
178	195
179	196
180	197
181	198
182	199
183	200
184	201
185	202
186	203
187	-1
188,189	204
190	205
191,192	206
193	207
194	208
195	209
196	210
197	211,212
198	213
199	214
200	215
201	216
202	217
203	218,219
204	220
205,206	221
207	222
208	223
209	224
210	225
211	226
212	227
213	228
214,215	229
216	230,231
217	232
218	233
219	234
220	235
221	236
222	237
223	238,239
224	240
225	241
226	242
227	243
228	244
229	245
230	246
231	247
232	248
233	249
234	250
235	251
236	252
237	253
238	254
239	255
240	256
241	257
242	258
243,244	259
245	260
246	261,262
247	263
248	264
249	265
250	266
251	267
252	268
253	269
254	270
255	271
256	272
257	273
258	274
259	275
260	276
261	277
262	278
263	279
264	280
265	281
266	282
267	283
268	284
269	285,286
270	287
271	288
272	289
273	290
274	291
275	292
276	293
277	294
278	295
279	296,297
280	298
281	299
282	300
283	301
284	302
285	303
286	304
287	305
288	306
289	307
290	308
291	309
292	310
293	311
294	312
295	313
296	314
297	315
298	316
299	317
300	318
301	319
302	320
303	321
304	322
305	323
306	324
307	325
308	326
309	327
310	328
311	329
312	330
313	331
314	332
315	333
316	334
317	335
318	336
319	337
320	338
321	339
322	340,341
323	342
324	343
325,327	344
328,330	345
331	346
332	347
333	348,349
334	350,351
335	352
336	353
337	354
338	355,356
339	357
340	358
341	359
342	360
343	361
344	362
345	363,364
346	365
347	366
348	367
349	368
350	369
351	370
352	371
353	372
354	373
355	374
356	375
357	376
358	377
359	378
360	379
361	380
362	381
363	382
364	383,384
365	385
366	386
367	387
368	388
369	389
370	390
371	391
372	392
373	393,394
374	395
375	396
376	397
377	398
378	399
379	400
380	401
381	402
382	403
383	404
384	405
385	406
386	407
387	408
388	409
389	410
390	411
391	412
392	413
393	414,415
394	416
395	417
396	418
397	419
398	420
399	421
400	422
401	423
402	424
403	425
404	426
405	427,428
406	429
407	430
408	431
409	432
410	433
411	434
412	435
413	436
414	437
415	438
416	439
417	440
418	441
419	442
420	443
421	444,445
422	446
423	447
424	448,449
425	450,451
426	452
427	453,454
428	455
429	456
430	457,458
431	459
432	460
433	461
434	462
435	463
436	464
437	465
438	466,467
439	468,469
440	470,471
441	472,473
442	474,475
443	476
444	477
445	478,479
446	480
447	481
448	482
449	483
450	484
451	485
452	486
453	487
454	488
455	489
456	490
457	491
458	492
459	493
460	494
461	495
462	496
463	497
464	498,499
465	500
466	501
467	502
468,469	503
470	504
471	505
472	506
473	507
474	508,509
475	510
476	511
477	512
478	513
479	514
480	515
481	516
482	517
483	518
484	519
485	520
486	521
487	522
488	523
489	524
490	525
491	526
492	527
493	528,529
494	530,531
495	532
496	533
497	534
498	535
499	536
500	537
501	538
502	539,540
503	541
504	542,543
505	544
506	545
507	546,547
508	548
509	549
510	550
511	551
512	552
513	553,554
514	555
515	556,557
516	558,559
517	560
518	561,562
519	563
520	564
521	565
522	566
523	567
524	568,569
525	570
526	571
527	572
528	573
529	574
530	575,576
531	577,578
532	579
533	580,581
534	582
535	583
536	584,585
537	586
538	587
539	588
540	589,590
541	591
542	592
543	593
544	594
545	595
546	596
547	597
548	598
549	599
550	600
551	601
552	602
553	603
554	604
555	605,606
556	607
557	608
558	609
559	610,612
560	613,614
561	615,616
562	617
563	618,619
564	620
565	621
566	622,623
567	624
568	625
569	626
570	627
571	628
572	629
573	630,631
574	632,633
575	634
576,577	635
578	636
579	637,639
580	640,641
581,582	642
583	643
584	644
585	645
586	646,647
587	648
588	649
589	650
590	651
591	652
592	653
593	654
594	655,656
595	657,658
596	659
597	660,661
598	662
599	663,664
600	665
601	666
602	667
603	668
604	669,670
605	671,672
606	673
607	674
608	675,677
609	678
610	679
611	680
612	681
613	682
614	683,684
615	685
616	686
617	687
618	688
619	689
620	690
621	691,692
622	693
623	694
624	695
625	696,697
626	698
627	699
628	700
629	701
630	702
631	703
632	704,705
633	706
634	707
635	708,709
636	710
637	711,712
638	713
639	714
640	715
641	716
642	717
643	718
644	719
645	720
646	721
647	722,723
648	724
649	725,726
650	727
651	728
652	729
653	730
654	731,732
655	733
656	734
657	735
658	736
659	737
660	738
661	739
662	740
663	741
664	742
665	743
666	744
667	745
668	746
669	747,748
670	749
671	750
672	751
673	752
674	753
675	754
676	755
677	756
678	757
679	758
680	759
681	760
682	761
683	762,763
684	764
685	765
686	766
687	767,768
688	769
689	770
690	771
691	772
692	773
693	774
694	775
695	776
696	777
697	778
698	779,781
699	782
700	783
701	784
702	785
703	786
704	787
705	788
706	789
707	790,791
708	792,793
709	794
710,711	795
712	796,798
713	799
714	800
715	801
716	802
717	803
718	804,805
719	806
720	807
721	808
722	809
723	810
724	811
725	812
726	813
727	814
728	815
729	816
730	817
731	818,819
732	820
733	821
734	822
735	823,824
736	825
737	826
738	827
739	828
740	829
741	830
742	831
743	832
744	833
745	834
746	835
747	836
748	837
749	838
750	839
751	840
752	841
753	842
754	843
755	844
756	845
757	846,847
758	848
759	849
760	850
761	851
762	852
763	853
764	854
765	855
766	856,857
767	858
768	859
769	860
770	861
771	862
772	863,864
773	865
774	866
775	867
776	868
777	869
778	870,871
779	872
780	873
781	874
782	875,876
783	877
784	878
785	879
786	880
787	881
788	882,883
789	884
790	885
791	886
792	887,888
793	889
794	890
795	891
796	892
797	893,894
798	895
799	896
800	897
801	898
802	899
803	900
804	901,902
805	903
806	904
807	905
808	906,907
809	908
810	909
811	910
812	911
813	912
814	913
815	914
816	915
817	916
818	917,918
819	919,920
820	921
821	922
822	923,924
823	925
824	926
825	927
826	928
827	929
828	930
829	931
830	932
831	933,934
832	935
833	936
834	937
835	938
836	939,940
837	941
838	942
839	943
840	944
841	945
842	946
843	947
844	948
845	949
846	950,951
847	952
848	953
849	954
850	955,956
851	957
852	958
853	959
854	960
855	961
856	962
857	963
858	964
859	965
860,861	966
862	967
863	968
864	969
865	970
866,867	971
868	972
869,870	973
871	974
872	975
873,874	976
875	977
876	978
877,878	979
879,882	980
883	981
884,885	982
