0,1	0,3
2	4
3	5
4	6
5,6	7,8
7,8	9
9	10
10	11
11	12
12,13	13
14,17	14
18,19	15,16
20,21	17
22	18
23	19
24,25	20
26,27	21
28	22
29	23
30	24
31	25
32	26
33	27
34	28
35	29,30
36	31,32
37	33
38	-1
39,41	34
42,43	35
44	36
45	37
46,47	38
48,49	39,40
50	41
51	-1
52,53	42
-1	43
54	44
55	45
56,57	46
58	47,48
59	-1
60	49
61	50
62	51
63	52
64,65	53
66	54,55
67	56
68	-1
69,70	57
71	-1
72	-1
73	58
74	59
75	-1
76	60,61
77	62,63
78	64
79	65
80	-1
81	66
82,83	67
84	68
85	69
86	70
87	71
88	72
89	73
90	74
91	75
92	76
93	77,78
94	79
95	80
96	81
97	82
98	83
99	84,85
100	86
101	87
102	-1
103	88,89
104	90
105	91
106	92
107	93
108	94
109	-1
110,111	95
112,113	96,99
114,117	100,101
118,121	102
122	-1
123	103
124	104
125	105
126	106,107
127,128	108,109
129	110
130	111
131	112
132,133	113
134,135	114
136	115
137	-1
138	-1
139	116
140,142	117,118
143	-1
144,145	119
146	120
147	121
148,149	122
150	123,124
151	125
152	126
153	127
154,155	128
156	129
157,158	130
159	-1
160,161	131
162	132
163	133
164	134
165	135
166,167	136
168	137
169	138
170	139
171	140
172	141
173,174	142
175	143
176	144
177	145
178	146
179	147
180,181	148
182	149
183,185	150,152
186	153
187	-1
188	154
189,190	155
191	156,157
192,193	158
194	159
195,196	160
197	161
198	162,163
199	164
200	165
201	166,167
-1	168
202,203	169
204	-1
205	-1
206	170
207	171
208	172
209	173
-1	174
210,211	175,176
212	177
213	-1
214,215	178
216	179
217	180
218	181
219	182
220	183,184
221	-1
222	185,186
223,225	187,188
226,227	189
228	190
229,230	191
-1	192
231	193
232	194,195
233	196,197
234	198
235	199,200
236	201
237	202
238	203
239	204
-1	205
240	206
241	207
242,244	208
245	209,210
246,248	211
249	212
250	213
251,252	214
253	215
254	216
255,256	217,218
257	-1
258,260	219
261	220
262	-1
263	221
264	222
265	223
266	224
267,269	225
270	226
271,272	227
273	228
274	229
275	230
276,277	231
278	232
279	-1
280	233
281,282	234
283	-1
284	-1
285,287	235
288	236
289	237
290,292	238
293	239
294	240,241
295,296	242,243
297	244
298,299	245
300	246
301	247
302	-1
303,304	248,250
305,306	251,252
307	253
308	254
309	255,258
310	259
311,312	260
313	261
314	262,263
315	264,265
316	-1
317	266
318	267,268
319	269
320	270
321	271
322,323	272
324,325	273
326	274
327	275
328,329	276
330	-1
-1	277
-1	278
-1	279
-1	280
331	281
332	282,283
333	284
334	285
335	286
336,337	287
338	-1
339,340	288
341	-1
342	289
343,344	290
345	291
346	-1
347,349	292
350	293
351	294,295
352	296
353	297
354,356	298
357,360	299,301
361	302
362	303
363,365	304,305
366	-1
367	306
368	307
369	-1
370,371	308
372	309
373	310
374	311
375,376	312
377	313
378	314
379	315
380	316
381,382	317,318
383,384	319,320
385	321
386	322,323
387	324
388,389	325,326
390	327,329
391	330
392	331
393	332
394	333
395	334,336
396,397	337
398	338
399	339
400	340
401	341,342
402	343
403	344
404,405	345
406	346
407,408	347
409	348
410	349,350
411	351
-1	352
412	353
413	354
414	-1
415	355
416	356
417	357
418	358,359
419,420	360
421	-1
422	361
423	362
424	363,364
425	365,367
426	368
427	369
428	-1
429,431	370,372
432,433	373
434	374
435	375,376
436	377
437	378
438	379
439	380,381
440	-1
441	382,384
442	385,386
443	387,388
444	389
445	390
446,447	391
448,449	392,393
450	-1
451	394
452	-1
453	395
454,455	396
456	397
457	398,399
458	400
459	401
460	402
461	403
462	-1
463,464	404
465	405
466	406,407
467	408
468	-1
469,470	409
471	410
472,473	411
474	-1
475	412
476,478	413,414
479	415
480	416,417
481	418
482,484	419,420
485	421
486	422
487	423,424
488	425
489,490	426
491	427,428
492	429
493,494	430
495	431
496,498	432
499,501	433
502	-1
503	434
504	-1
505	435
506	436
507,509	437,438
510	439
511	440
512	441
513	442
514	443,444
515	445
516	446
517,520	447,449
521	450
522,525	451
526	452
527	453,456
528	457
529	458
530	459
531	460
532	461
533	462
534	463
535	464
536,537	465
538,540	466
541,543	467
544	468
545	469
546	470
547	471
548,549	472
550,551	473
552	474
553	475
554	476
555,556	477
557	478,479
558,561	480
562	481
563	482
564	-1
565,567	483,484
568	485
569,570	486
571	487
572	-1
573	488
574	489
575	490
576	491
577	492
578	493
579,580	494
581	495
582	496
583	497
584	498,499
585,586	500
587	501,502
588	503
589	504,505
590	506
591	507,508
592	509
593	-1
594	-1
595	510
596	511
597,599	512
600	513
601	514
602	515
603	516
604	517,518
605	-1
606,608	519,520
609	521
610,612	522
613,614	523
615	524
616	525
617	526
618	527
619	528
620	529
621,623	530,533
-1	534
-1	535
-1	536
-1	537
-1	538
-1	539
624,626	540,541
627,628	542,543
629	544
630	545
631,633	546
634	547
635	548
636,637	549
638	550
639	-1
640	-1
641,642	551
643	552,553
644,645	554
646	555
647	556
648	557
649	-1
650	558
651,652	559
653,655	560
656	561
657	562
658	563
659	564
660	565,567
661	568
662	-1
663	-1
664,667	569,570
668	571
669,670	572,574
671	575
672	576
673	577
674	578
675	579,580
676	581
677	582
678,679	583
680,681	584
682,686	585,586
687,689	587
690	588
691	589
692	590
693	591
694	592,593
695	594
696	595
697,698	596
-1	597
699	598
700	599
701	600
702	601
703	602
704	603
705	604
706	605,606
707	607
708	-1
709,711	608,609
712	610
713,715	611
716,717	612
718	613
719	614
720	615
721,722	616
723	617
724	618,619
725,726	620
727	-1
728	621
729	622
730,731	623
732	624
733	625
734	626
735,736	627
737	628
738,740	629
741	630
742	631
743	632
744	633
745,747	634
748,749	635
750,751	636
752,755	637
756	638
757,759	639
760,761	640
762	641
763,764	642
765	643
766	644
767,768	645
769,770	646
771	647
772	648
773,774	649
775	-1
776,777	650
778	651
779,781	652
782	653
783	654
784,785	655
786	656
787	657
788,791	658
792,793	659
794,795	660
796	-1
797	661
798,800	662,663
801	-1
802	664
803	665
804	666
805	667
806,807	668
808	669
809	670
810	671
811	672
812	673,674
813,815	675,676
816	677
817,818	678,680
819	681
820	-1
821,824	682
825,826	683
827,828	684
829,831	685
832	686,687
833	688
834	689
835	690
836,837	691
838	692
839	693
840,841	694
842	695
843,844	696
845,846	697
847	698
848,849	699
850,852	700
853,854	701
855,856	702,703
857,860	704
861	705
862	706
863,865	707
866,867	708
868	709
869	710
870	711
871	712
872	713
873,874	714
875	715
876	716
877	717
878	718
879	719
880,881	720
882	721
883,884	722
885	723
-1	724
886	725
887	-1
888	726
889,891	727,728
892,893	729
894	730
895	731,732
896	733
897	734,735
898,899	736
900	737,738
901	739
902	740
903	741
904	742
905,906	743
907	744,745
908,910	746,747
911	748,749
912,913	750
914	751
915,916	752
917	753
918,920	754
921,922	755,756
923	757
924	758
925,926	759
927,928	760
929,930	761
931	762
932	763
933,935	764
936	765
937	766
938,940	767
941,943	768
944	769
945	770
946,947	771
948,949	772
950,951	773
952	774,775
953	776
954,955	777
956	778
957,958	779
959	780
960,961	781
962	782
963,965	783,784
966	785
967	786
968	787
969	788
970,971	789
972	790
973,974	791
975,976	792
977,979	793,794
980	795
981	796
982,985	797
986	798
987	799
988	800,802
989,990	803
991	804
992	805,806
993	807
994	808
995	809
996	810,811
997	812,813
998	814
999	815
1000,1001	816
1002	817
1003	818
1004,1005	819
1006	820
1007,1008	821
1009	822
1010	823
1011,1014	824
1015	-1
1016	-1
1017	-1
1018,1019	825,827
1020,1021	828,829
1022	830,831
1023	832,833
1024	834,835
1025	836
1026,1027	837,838
1028	839
1029,1030	840
1031,1033	841
1034	842
1035,1036	843
1037,1040	844
1041	-1
1042	-1
1043,1046	845
1047,1048	846
1049	847
1050	848
1051	849
1052,1053	850
1054,1055	851,852
1056	853
1057,1058	854
1059,1060	855
1061	856
1062	857
1063	858,860
1064	861
1065	862,863
1066	864
1067	865
1068,1069	866
1070	867
1071	868
1072	869
1073,1074	870
1075,1077	871
1078,1081	872
1082	-1
1083	-1
1084,1086	873
1087,1088	874
1089	875
1090	876
1091,1093	877,878
1094,1095	879
1096	880,881
1097	882
1098	883
1099	884,885
1100,1101	886,887
1102	888
1103	889
1104,1105	890
1106,1108	891
1109,1110	892,893
1111,1112	894,895
1113,1114	896
1115,1116	897
1117,1119	898,899
1120,1121	900,901
1122	902
1123	903,904
1124	905,907
1125	908
1126	909
1127,1128	910
1129	911
1130	912
1131	913
1132,1134	914
1135,1136	915
1137	916,918
1138	919
1139	920
1140,1141	921
1142	922
1143	923
1144,1145	924
1146,1147	925
1148	926,927
1149	928
1150,1151	929
1152,1154	930
1155,1156	931,932
1157	933
1158	934
1159	935
1160	936
1161,1164	937
1165	-1
1166,1168	938,939
1169	940
1170,1173	941
1174	-1
1175	942
1176,1178	943
1179,1180	944
1181	945
1182	946
1183,1184	947
1185	948
1186	949
1187	950
1188,1190	951
1191,1194	952
1195	-1
1196,1199	953
1200,1202	954
1203	955
1204,1206	956
1207,1208	957
1209	958
1210	959
1211	960
1212,1213	961
1214,1215	962
1216	963
1217,1218	964
1219,1221	965
1222	966
1223	967
1224	968
1225,1226	969
1227,1228	970,971
1229,1230	972
1231	973
1232,1234	974
1235	975
1236	976,977
1237	-1
1238,1240	978,979
1241	980
1242	981
1243,1244	982
1245,1246	983
1247,1248	984
1249	985
1250,1251	986
1252	987,988
1253	989
1254	990,991
1255	992,993
1256	994
1257	995,997
1258,1259	998,999
1260	1000
1261	1001
1262	1002
1263	1003
1264,1265	1004
1266	1005
1267,1268	1006
1269	1007
1270	1008
1271	1009
1272	1010
1273	1011
1274	1012,1013
1275	1014
1276	1015
1277	1016,1017
1278	1018,1019
1279	1020,1021
1280	1022,1023
1281	1024
1282	1025
1283	1026
1284	1027
1285	1028
1286,1287	1029,1031
1288	1032
1289	1033
1290	1034
1291	1035,1037
1292	1038
1293,1294	1039,1041
1295,1296	1042
1297	1043
1298	1044
1299	1045
1300	1046
1301,1303	1047
1304,1306	1048
1307,1308	1049
1309	1050
1310	1051
1311,1312	1052,1053
1313,1314	1054
1315	1055,1056
1316,1317	1057
1318	1058
1319	1059
1320	1060
1321	1061
1322,1324	1062
1325	1063
1326	1064,1067
1327,1329	1068,1069
1330	1070
1331,1333	1071
1334,1335	1072,1074
1336	1075
1337,1338	1076
1339	1077,1078
1340,1341	1079
1342	1080
1343	1081,1082
1344	1083,1084
1345,1346	1085
1347	1086
1348	1087
1349,1350	1088,1089
1351	1090
1352,1353	1091
1354,1355	1092,1093
1356,1357	1094
1358	1095
1359,1360	1096
1361	1097,1098
1362	1099
1363,1364	1100,1101
1365	1102,1103
1366,1367	1104
1368	1105
1369,1371	1106,1107
1372	1108,1109
1373,1375	1110
1376	1111
1377	1112,1113
1378,1380	1114,1115
1381,1382	1116,1118
1383,1385	1119,1120
1386	1121
