0	0
1	1,2
2	3
3	4,5
4	6
5	7
6	8
7	9
8,9	10
10	11
11	12
12	13,14
13	15
14	16,17
15	18
16	19
17	20
18	21,22
19	23
20	24
21	25
22	26
23	27
24	28
25	29
26	30
27	31
28	32
29	33
30	34
31	35
32	36
33	-1
34	37
35	38
36	39
37	40
38	41
39	42
40	43
41	44
42	45
43	46
44	47
45	48
46	49
47	50
48	51
49	52
50,51	53
52	54
53	55
54,55	56
56	57,58
57	59
58	60
59	61
60	62
61	63
62	64
63	65
64	66
65	67
66	68
67	69
68	70
69	71,72
70	73
71	74,75
72	76,77
73	78
74	79
75	80
76	81
77	82
78	83
79	84
80	85
81	86
82,83	87
84	88
85	89
86	90
87	91
88	92
89	93
90	94
91	95
92	96
93	97
94,95	98
96	99
97	100
98	101
99	102
100	103
101	104
102	105
103	106
104	107
105	108
106	109
107	110
108	111
109	112
110	113
111	114
112	115
113	116
114	117
115	118
116	119,120
117	121
118	122
119	123
120	124
121	125
122	126
123,125	127
126	128
127,128	129
129	130
130	131
131	132
132	133
133,134	134
135	135,136
136,137	137
138	138
139	139
140	140
141	141
142	142
143	143
144	144
145	145
146	146,147
147	148
148	149
149	150
150	151
151,152	152
153	153
154	154
155	155
156,157	156
158,159	157
160	158
161	159
162	160
163	161
164	162
165	163
166	164
167	165
168	166
169	167
170	168
171	169
172	170
173	171
174	172
175	173
176	174
177	175
178	176,177
179	178
180	179
181	180
182	181
183	182
184	183
185	184
186	185
187	186,187
188	188
189	189,190
190,191	191
192	192
193	193
194	194
195	195
196	196
197	197
198	198
199	199
200	200
201	201
202	202
203	203
204,205	204
206	205
207	206,207
208	208,209
209	210
210	211
211	212
212	213,214
213	215
214	216
215	217
216	218
217	219
218	220
219	221,222
220	223
221	224
222	225
223,224	226,227
225	228
226	229
227	230
228	231,232
229	233
230,231	234,235
232	236
233	237
234	238
235,236	239
237	240
238	241
239	242
240	243,245
241	246
242	247
243,244	248
245	249
246	250
247	251
248	252
249	253
250	254
251	255
252	256
253	257
254	258
255	259
256,257	260
258,259	261
260	262
261	263
262	264
263	265
264,265	266
266	267
267	268
268,269	269,270
270,271	271
272	272
273	273
274	274,275
275	276
276	277
277	278
278	279
279	280
280	281
281,282	282,283
283	284
284	285
285,286	286
287	287
288	288
289	289
290	290
291	291
292,293	292
294	293
295	294
296	295
297	296
298,299	297
300	298
301	299
302	300,301
303	302
304	303
305	304,305
306	306
307	307
308	308
309	309
310	310
311	311
312,313	312
314,315	313,314
316	315
317	316
318	317
319	318
320	319
321	320
322,323	321
324	322
325	323
326	324
327	325
328	326
-1	327
329	328
330	329
331	330
332	331
333	332,333
334	334
335,336	335
337	336
338	337
339	338
340,341	339,340
342	341
343,344	342
345,346	343
347	344
348	345
349	346
350	347
351	348
352	349
353	350
354	351,352
355	353,354
356	355
357	356
358	357
359	358
360	359
361	360
362	361
363	362
364	363
365	364
366	365
367	366,367
368	368
369	369
370,371	370
372	371
373	372
374	373
375	374
376	375,376
377	377,378
378	379
379	380
380	381,382
381	383
382	384
383	385,386
384	387
385	388
386	389
387	390
388,389	391
390	392
391	393
392	394
393	395
394	396,397
395	398
396	399
397	400,401
398	402
399	403
400	404
401	405
402	406
403	407,408
404	409
405,406	410,411
407	412
408	413
409	414
410	415
411	416
412,413	417
414	418
415	419
416	420
417	421
418	422
419,420	423
421	424
422	425
423	426,427
424	428
425	429
426	430
427	431
428	432
429	433
430,431	434
432	435
433,434	436
435	437
436	438
437,438	439,441
439	442
440	443
441	444
442	445
443	446
444	447
445	448
446	449
447	450
448	451
449	452
450	453
451	454
452	455
453	456
454	457
455	458
456	459,460
457	461
458	462
459	463
460	464
461	465
462,463	466,467
464	468
465	469
466	470
467	471
468	472
469	473
470	474
471	475
472	476
473	477
474	478
475	479,480
476	481
477	482
478	483
479	484
480	485
481	486
482	487
483	488
484	489
485	490
486	491
487	492
488	493
489	494
490	495
491	496
492	497
493	498
494	499
495	500
496	501
497	502
498	503
499	504
500	505
501	506
502	507
503	508,509
504	510
505,506	511
507	512
508	513
509	514
510	515
511	516
512	517
513	518
514	519,520
515	521,522
516	523
517	524
518	525
519	526
520	527
521	528
522	529
523,524	530
525	531
526	532
527	533
528	534,535
529	536
530	537
531	538
532	539
533	540
534	541,542
535	543
536	544,545
537	546
538	547
539	548,549
540	550
541	551
542	552,553
543	554
544	555
545	556
546	557
547	558
548	559
549	560
550	561
551	562
552	563,564
553	565
554	566
-1	567
555	568
556	569
557	570
558	571
559	572,573
560	574
561,562	575
563	576
564	577
565	578
566	579
567	580
568	581
569	582
570	583
571	584
572	585
573	586
574	587,588
575	589,590
576	591
577	592
578	593
579	594
580	595
581	596
582	597
583	598,599
584	600
585	601
586	602
587	603
588	604
589	605
590,591	606
592	607
593	608,609
594	610,611
595	612
596	613
597	614
598	615
599	616
600	617
601	618
602	619
603	620
604	621
605	622
606	623
607	624,625
608	626
609	627
610	628
611	629
612	630
613	631
614	632
615	633
616	634
617	635
618	636,637
619	638
620	639
621	640
622	641
623	642
624	643
625	644
626	645
627	646,647
628	648
629	649
630	650
631	651,652
632	653
633	654
634	655
635	656
636	657
637	658
638	659
639	660
640	661
641	662
642	663
643,644	664
645	665
646	666
647	667,668
648	669
649	670
650	671
651,652	672,673
653	674,675
654	676
655	677
656	678
657	679,680
658	681
659	682
660	683
661	684
662	685
663	686
664	687
665	688,689
666	690
667	691
668,669	692
-1	693
670	694
671	695
672	696,697
673	698
674	699
675	700
676	701
677	702
678	703
679	704
680	705
681	706,707
682	708
683	709
684	710,711
685	712
686	713
687	714
688	715
689	716
690	717
691	718
692,693	719,721
694	722
695	723
696	724
697	725,726
698	727
699	728
700	729
701	730
702	731
703	732
704	733
705	734
706	735
707	736
708	737
709	738
710	739,740
711	741
712	742
713	743
714	744
715	745
716	746
717	747
718	748,749
719	750,751
720	752
721	753
722	754
723	755
724	756
725	757
726	758
727	759
728	760
729	761
730	762
731	763
732	764
733	765
734	766
735	767
736	768,769
737	770
738	771
739	772,773
740,741	774
742	775
743	776,777
744	778
745	779
746	780
747	781
748	782
749	783
750	784
751	785
752	786
753	787
754	788
755	789
756	790
757	791
758	792
759	793
760	794,795
761	796
762	797
763	798
764	799
765	800
766	801
767	802
768	803
769	804
770	805
771	806
772	807
773	808
774	809
775	810
776	811
777	812
778,779	813
780	814
781	815
782	816
783	817
784	818
785,786	819
787	820
788	821
789	822
790	823
791	824
792	825
793	826
794	827
795	828
796	829
797	830
798	831
799	832
800	833
801	834
802	835
803	836
804	837
805	838
806	839
807	840
808	841
809	842
810	843
811	844
812	845
813	846
814	847
815	848
816	849
817	850
818	851
819	852
820	853
821	854
822	855
823	856
824	857,858
825	859
826	860
827	861
828	862,864
829	865
830	866,867
831	868,869
832	870,872
833	873
834	874
835	875,878
836	879
837	880
838	881
839	882
840	883
841	884
842	885
843	886
844	887
845	888
846	889
847	890
848	891
849	892
850	893
851,852	894
853	895
854	896
855	897
856	898
857	899
858	900
859	-1
860	-1
861	-1
862	-1
863	-1
864	-1
865	-1
866	-1
867	-1
868	-1
869	-1
870	-1
871	-1
872	-1
873	-1
874	-1
875	-1
876	-1
877	-1
878	-1
879	-1
880	-1
881	-1
882	-1
883	-1
884	-1
885	-1
886	-1
887	-1
888	-1
889	-1
890	-1
891	-1
892	-1
893	901
894	902
895	903
896	904,905
897	906
898	907
899	908
900	909
901	910
902	911,912
903	913
904	914
905	915
906	916
907	917
908	918
909	919
910	920
911	921
912	922
913	923
914	924
915	925
916	926
917	927
918	928
919	929
920	930
921	931
922	932
923	933
924	934
925	935
926	936
927	937
928	938
929	939
930	940,941
931	942
932	943
933	944
934	945
935	946
936	947
937	948
938	949
939	950
940	951
941	952
942	953
943	954
944,946	955,956
947	-1
948	-1
949	-1
950	-1
951	-1
952	-1
953	-1
954	-1
955	-1
956	-1
957	-1
958	-1
959	-1
960	-1
961	-1
962	-1
963	-1
964	957,958
965	959,961
966	962
967	963,964
968	965
969	966
970	967
971	968
972	969
973	970
974	971
975	972
976	973
977	974
978	975
979	976
980	977,978
981	979
982	980
983	981
984	982
985	983,984
986	985,986
987	987
988	988
989	989
990	990
991	-1
992	-1
993	-1
994	-1
995	-1
996	-1
997	-1
998	-1
999	-1
1000	-1
1001	-1
1002	-1
1003	-1
1004	-1
1005	991
1006	992
1007	993
1008	994
1009	995
1010	996
1011	997
1012	998,999
1013	1000
1014	1001
1015	1002
1016,1017	1003
1018	1004
1019	1005
1020	1006
1021	1007,1008
1022	1009
1023	1010
1024	1011
1025	1012
1026	1013
1027	1014
1028	1015
1029	1016
1030	1017
1031	1018
1032	1019
1033	1020
1034	1021
1035	1022
1036	1023
1037	1024
1038	1025,1026
1039	1027
1040	1028
1041	1029
1042	1030
1043	1031
1044	-1
1045	-1
1046	-1
1047	-1
1048	-1
1049	-1
1050	-1
1051	-1
1052	-1
1053	-1
1054	-1
1055	-1
1056	-1
1057	-1
1058	-1
1059	-1
1060	-1
1061	-1
1062	-1
1063	-1
1064	-1
1065	-1
1066	-1
1067	1032
1068	1033
1069	1034
1070	1035
1071	1036
1072	1037
1073	1038
1074	1039
1075	1040
1076	1041
1077	1042,1043
1078	1044
1079	1045
1080	1046
1081	1047
1082	1048
1083	1049,1050
1084	1051
1085	1052
1086	1053
1087	1054
1088	1055
1089	1056
1090	1057
1091	1058,1059
1092	1060
1093	1061
1094	1062
1095	1063
1096,1097	1064,1065
1098	1066
1099	1067,1068
1100	1069
1101	1070,1071
1102	1072
1103	1073
1104	1074
1105	1075
1106	1076
1107	1077
1108	1078
1109	1079
1110	1080
1111	1081,1082
1112	1083
1113	1084
1114	1085
1115	1086
1116	1087
1117	1088
1118	1089
1119	1090
1120	1091
1121	1092
1122	1093
1123	1094
1124	1095
1125	1096,1097
1126	1098
1127	1099,1100
1128	1101
1129	1102
1130	1103
1131	1104
1132	1105
1133	1106
1134	1107
1135	1108
1136	1109
1137	1110
1138	1111
1139	1112
1140	1113
1141	1114
1142	1115
1143	1116
1144	1117
1145	1118
1146	1119
1147	1120
1148	1121
1149	1122
1150	1123
1151	1124
1152	1125
1153	1126
1154	1127
1155	1128
1156	1129
1157	-1
1158	-1
1159	-1
1160	-1
1161	-1
1162	-1
1163	-1
1164	-1
1165	-1
1166	-1
1167	-1
1168	-1
1169	-1
1170	-1
1171	-1
1172	-1
1173	-1
1174	-1
1175	-1
1176	-1
1177	-1
1178	-1
1179	-1
1180	-1
1181	-1
1182	-1
1183	-1
1184	1130
1185	1131
1186	1132
1187	1133
1188	1134
1189	1135
1190	1136
1191	1137,1138
1192	1139
1193	1140
1194	1141
1195	1142,1143
1196	1144
1197	1145
1198	1146
1199	1147
