0	0
1	1,2
2	3
3	4,5
4	6
5	7
6	8
7	9
8	10
9	11
10	12
11	13
12	14,15
13	16
14	17
15	18
16	19
17	20
18	21,22
19	23
20	24
21	25
22	26
23	27
24	28
25	29
26	30
27	31
28	32
29	33
30	34
31	35
32	36
33	37
34	38
35	39
36	40
37	41
38	42
39	43
40	44
41	45
42	46
43	47
44	48
45	49
46	50
47	51
48	52
49	53
50,51	54
52	55
53	56
54,55	57
56	58,59
57	60
58	61
59	62
60	63
61	64
62	65
63	66
64	67
65	68
66	69
67	70
68	71
69	72,73
70	74
71	75,76
72	77,78
73	79
74	80
75	81
76	82
77	83
78	84
79	85
80	86
81	87
82,83	88
84	89
85	90
86	91
87	92
88	93
89	94
90	95
91	96
92	97
93	98
94,95	99
96	100
97	101
98	102
99	103
100	104
101	105
102	106
103	107
104	108
105	109
106	110
107	111
108	112
109	113
110	114,115
111	116
112	117
113	118
114	119
115	120
116	121,122
117	123
118	124
119	125
120	126
121	127
122	128
123,124	129
125	130
126	131
127,128	132
129	133
130	134
131	135
132	136
133,134	137,138
135	139,140
136	141
137	142
138	143
139	144
140	145
141	146
142	147
143	148
144	149
145	150
146	151,152
147	153
148	154
149	155
150	156,157
151	158
152	159
153	160
154	161,162
155	163
156	164
157	165,166
158	167,169
159	170
160	171
161	172
162	173
163	174
164	175
165	176
166	177
167	178
168	179
169	180,181
170	182,183
171	184
172	185
173	186
174	187
175	188
176	189
177	190
178	191,192
179	193
180	194
181	195
182	196
183	197
184	198
185	199,200
186	201
187	202,203
188	204
189	205,207
190,191	208
192	209,210
193	211
194	212,213
195	214
196	215
197	216
198	217
199	218
200	219
201	220
202	221
203	222
204	223
205	224
206	225
207	226,227
208	228
209	229
210	230
211	231
212	232,233
213	234
214	235,236
215	237
216	238
217	239
218	240
219	241,242
220	243
221	244
222	245
223,224	246,247
225	248
226	249
227	250
228	251,252
229	253
230,231	254,255
232	256
233	257
234	258
235,236	259
237	260
238	261
239	262
240	263,265
241	266
242	267
243,244	268
245	269
246	270
247	271
248	272
249	273
250	274
251	275
252	276
253	277
254	278
255	279
256,257	280
258,259	281
260	282
261	283
262	284
263	285
264,265	286
266	287
267	288
268,269	289,290
270,271	291
272	292
273	-1
274	-1
275	-1
276	-1
277	-1
278	-1
279	-1
280	-1
281	-1
282	-1
283	-1
284	-1
285	-1
286	-1
287	-1
288	-1
289	-1
290	-1
291	-1
292	-1
293	-1
294	-1
295	-1
296	-1
297	-1
298	-1
299	-1
300	-1
301	-1
302	-1
303	-1
304	-1
305	-1
306	-1
307	-1
308	-1
309	-1
310	-1
311	-1
312	-1
313	-1
314	-1
315	-1
316	-1
317	293
318	294
319	295
320,323	296
324,326	297
327	298
328	299
329	-1
330	-1
331	-1
332	-1
333	-1
334	300
335,336	301
337	302
338	303
339	304
340,341	305,306
342	307
343,344	308
345,346	309
347	310
348	311
349	312
350	313
351	314
352	315
353	316
354	317,318
355	319,320
356	321
357	322,323
358	324
359	325
360	326
361	327
362	328
363	329
364	330
365	331
366	332,333
367	334,335
368	336
369	337
370,371	338
372	339,340
373	341
374	342
375	343
376	344,345
377	346,347
378	348
379	349
380	350,351
381	352
382	353
383	354,355
384,385	356,357
386	358
387	359
388	360
389	361
390	362
391	363
392	364
393	365
394	366
395	367
396	368
397	369,370
398	371
399	372,373
400	374
401	375
402	376
403	377,378
404	379
405,406	380
407	381,382
408	383
409	384
410	385
411	386
412,413	387
414	388
415	389
416	390
417	391
418	392
419,420	393
421	394
422	395
423	396,397
424	398
425	399
426	400
427	401
428	402
429	403
430,431	404
432	405
433,434	406
435	407
436	408
437	409,411
438	412
439	413
440	414
441	415
442	416
443	417
444	418
445	419
446	420
447	421
448	422
449	423
450	424
451	425
452	426
453	427
454	428
455	429
456	430,431
457	432
458	433
459	434
460	435
461	436
462,463	437,438
464	439
465	440
466	441
467	442
468	443
469	444
470	445
471	446
472	447
473	448
474	449
475	450,451
476	452
477	453,454
478	455
479	456
480	457
481	458
482	459
483	460
484	461
485	462
486	463
487	464
488	465
489	466
490	467
491	468
492	469
493	470
494	471
495	472
496	473
497	474
498	475
499	476
500	477
501	478
502	479
503	480,481
504	482
505	483
506	484
507	485
508	486
509	487
510	488
511	489
512	490
513	491
514	492,493
515	494,495
516	496
517	497
518,519	498,499
520	500
521	501
522	-1
523	-1
524	-1
525	-1
526	-1
527	-1
528	-1
529	502
530	503
531	504,505
532	506
533	507
534	508,510
535	511
536	512,513
537	514
538	515
539	516,517
540	518
541	519
542	520,521
543	522
544	523,525
545	526
546	527
547	528
548	529
549	530
550	531
551	532
552	533,534
553	535
554	536
-1	537
555	538
556	539
557	540,541
558	542
559	543,544
560	545
561,562	546
563	547
564	548
565	549
566	550
567	551
568	552
569	553
570	554
571	555
572	556
573	557
574	558,559
575	560,561
576	562
577	563
578	564
579	565
580	566
581	567
582	568
583	569,570
584	571
585	572,573
586	574
587	575
588	576,577
589	578
590,591	579
592	580
593	581,582
594	583,584
595	585
596	586
597	587
598	588
599	589
600	590
601	591
602	592
603	593
604	-1
605	-1
606	-1
607	-1
608	-1
609	-1
610	594
611	595
612	596
613	597
614	598
615	599
616	600
617	601
618	602,603
619	604
620	605
621	606
622	607
623	608
624	609
625	610
626	611
627	612,613
628	614
629	615
630	616
631	617,618
632	619
633	620
634	621
635	622
636	623
637	624
638	625
639	626
640	627
641	628
642	629
643	630
644	631
645	632
646	633
647	634,635
648	636
649	637
650	638
651,652	639,640
653	641,642
654	643
655	644
656	645
657	646,647
658	648
659	649
660	650
661	651
662	652
663	653
664	654
665	655,656
666	657
667	658
668,669	659
-1	660
670	661
671	662
672	663,664
673	665
674	666
675	667
676	668
677	669
678	670
679	671
680	672
681	673,674
682	-1
683	-1
684	-1
685	-1
686	-1
687	-1
688	-1
689	-1
690	-1
691	-1
692	-1
693	-1
694	-1
695	-1
696	-1
697	-1
698	675
699	676
700	677
701	678
702	679
703	680
704	681
705	682
706	683
707	684
708	685
709	686
710	687,688
711	689
712	690
713	691
714	692
715	693
716	694
717	695
718	696,697
719	698,699
720	700
721	701
722	702
723	703
724	704
725	705
726	706
727	707
728	708
729	709
730	710
731	711
732	712
733	713
734	714
735	715
736	716,717
737	718
738	719
739	720,721
740	722
741	723
742	724
743	725
744	726
745	727
746	728
747	729
748	730
749	731
750	732
751	733
752	734
753	735
754	736
755	737
756	738
757	739
758	740
759	741
760	742,743
761	744
762	745
763	746
764	747
765	748
766	749
767	750
768	751
769	752
770	753
771	754
772	755
773	756
774	757
775	758
776	759
777	760
778,779	761
780	762
781	763
