0,1	0
2	1
3	2
4	3
5	4
6	5
7	6
8	7
9	8
10	9
11	-1
12	-1
13	10
14	11
15	12
16	13
17	14
18	15
19	16
20	17
21	18
22	19
23	20
24	21
25	22
26	23
27	24
28	25
29	26
30	27
31	28
32	29
33	30
34	31
35	32
36	33
37	34
38	35
39	36
40	37
41	38
42	39
43	-1
44	-1
45	40
46	41
47	42
48	43
49	44
50	45
51	46
52	47
53	48
54	49
55	50
56,57	51
58	52
59	53
60	54
61	55
62	-1
63	56
64	57
65	58
66	59
67	60
68	61
69	62
70	63
71	64
72	65
73	66
74	67
75	-1
76,77	68
78	69
79	70
80	71
81	72
82	73
83	74
84	75
85	76
86	77
87	78
88	79
89	80
90	-1
91,92	81
93	82
94	83
95,96	84
97	85
98	86
99	87
100	88
101,102	89
103	90
104	91
105	92
106	93
107	94
108	95
109	96
110	97
111	98
112	99
113	100
114	101
115	102
116	103
117	104
118	105
119	106
120	107
121	-1
122	108
123	109
124	110
125	111
126	112
127	113
128	114
129	115
130	116
131	117
132	118,119
133	120
134	121
135	122
136	123
137	124
138	125
139	126
140	127
141	128
142	129
143	130
144	131
145	132
146	-1
147,148	133
149	134
150	135
151	136
152	137
153	138
154	139
155	140
156	141
157	142
158	143
159	144
160	145
161	146
162	147
163	148
164	149
165	150
166	151
167	152
168	153
169	154
170	155
171	156
172	157
173	158
174	159
175	160
176	161
177	162
178	163
179	164
180	165
181	166
182	167
183	168
184	169
185	170
186	171
187	172
188	173
189	-1
190,191	174
192	175
193	176
194	177
195	178
196	179
197	180
198	181
199	182
200	183
201	184
202	185
203	186
204,205	187
206	188
207	189
208	190
209	191
210	192
211	193
212	194
213	195
214	196
215	-1
216,217	197
218	198
219	199,200
220	201
221	202
222	-1
223	203
224	204
225	205
226	206,207
227	208
228	209
229	210
230	211
231	212
232	213
233	214
234	215
235	216
236	217
237	218
238	219,220
239	221
240	222
241,242	223
243	224
244	225
245	226
246	227
247	228
248	229
249	230
250	231
251	232
252	233
253	234
254	235
255	236
256	237
257	238
258	239
259	240
260	241
261	242
262	243
263	244
264	245
265	-1
266	246
267	247
268,269	248
270	249
271	250
272	251
273	252,253
274	254
275	255
276	256
277	257
278	258
279	259
280	260
281	261
282	262
283	263
284	264
285	265
286	266
287	267,268
288	-1
289	269
290	270
291	271
292,293	272
294	273
295	274
296	275
297	276
298	277
299	278
300	-1
301,302	279
303	280
304	281
305	282
306	283
307	284
308	285
309	286
310	287
311	288
312	289
313	290
314	291
315	292,293
316	294
317	295
318	296
319	297
320	298
321,322	299
323	300
324	301
325	302
326	303
327	304
328	305
329	306
330	307
331	308
332	309
333	310
334	311
335	312
336	313
337	314
338	315
339	316
340	317
341	318
342	319
343	320
344	321
345	-1
346	322
347	323
348	324
349	325
350	326
351,352	327
353	328
354	329
355	330
356	331
357	332
358	333
359	334
360	335
361	336
362	337
363	338
364	339
365	340
366	341
367	342
368	343
369	344
370	345
371,372	346
373	347
374	348
375	349
376	350
377,378	351
379	352
380	353
381	354
382	355
383	356
384	357
385	358
386	359
387	360
388	361
389	362
390	363
391	-1
392	364
393	365
394	366
395,396	367
397	368
398	369
399	370
400	371
401	372
402	373
403	374
404	375
405	376
406	377
407	378
408	379
409	380,381
410	382
411	383
412	384
413	385
414	386
415	387
416	388
417	389
418	390
419	391
420	392
421	-1
422	393
423	394
424	395
425	396
426	397
427	398
428	399
429	400
430	401
431	402
432	403
433	404
434	405
435	406
436	407
437	408
438	409
439	410
440	411
441	412
442	413
443	414
444	415
445	416
446	417
447	418
448	419
449	420
450	421
451	422
452	423
453	-1
454,455	424
456	425
457	426
458	427
459	428
460	429
461	-1
462,463	430
464	431
465	432
466	433
467	434
468	435
469	436
470	437
471,472	438
473	439
474	440
475	441
476	-1
477	442,443
478	444
479	445
480	446
481	447
482	448
483	449,450
484,485	451
486	452
487	453
488	454
489	455
490	456
491	457
492	458
493	459
494	460
495	461
496	462
497	463
498	464
499	465
500	466
501	467,468
502,503	469
504	470
505	471
506	472
507	473
508	-1
509,510	474,475
511	476
512	477,478
513	479,480
514	481,482
515	483
516	484
517	485
518,519	486
520	487
521	488
522	489
523	490
524	491
525	492
526,527	493
528	494
529,530	495
531	496
532	497
533	498
534	499,500
535,536	501
537	502
538	503
539	504
540	505
541	506
542	507
543	508
544	509
545	510
546	511
547	512
548	513
549	514
550	515
551	-1
552	516
553	517
554	518
555	519
556	520
557	521
558	522
559	523
560	524
561	525,526
562	527
563	528
564	529,530
565	531,532
566	-1
567	533
568	534
569	535
570	536
571	537
572	538
573	539
574,575	540
576	541
577	542
578	543
579	544
580	545
581	546
582	547
583	548
584	549,550
585	551
586	552,553
587	554
588	555,556
589	557
590	558
591	559
592	560
593	-1
594	561
595	562
596	563
597	564
598	565
599	566
600	567,568
601	569
602	570
603	571
604	572
605	-1
606	573
607	574
608	575
609	576
610	577
611	578
612	579
613	-1
614	580
615	581
616	582
617	583
618	584,585
619	586
620	587
621	588
622	589
623,624	590
625	591
626	592
627	593
628	594
629,630	595
631	596
632	597
633	598
634	-1
635	599
636	600
637	601
638	602
639	603
640	604
641	605
642	606
643	607
644	-1
645	608
646	609
647	610
648	611
649	612
650	613
651	614
652	615
653	616
654	617
655	618
656	619
657	620
658	621
659	622
660	623
661	624
662	-1
663	625
664	626
665	627
666	628
667	629
668	630
669	631
670	-1
671	632
672	633
673	634
674	635
675	636
676	637
677	638
678	639
679	640,641
680,681	642
682	643
683	644
684	645
685	646
686	647
687	648
688	649
689	650
690	651
691	652
692	653
693	-1
694	654
695	655
696	656
697	657
698	658
699	659
700	660
701	661
702	662
703	663
704	664
705	665
706	666
707	667
708	668
709	669
710	670
711	671
712	672
713	673
714	674,675
715	676
716	677
717	678
718	679
719	680
720	681
721	682
722	683,684
723	685
724	686
725	-1
726	687
727	688
728	689,690
729	691
730	692
731	693
732	694
733	695
734	696
735	697
736	-1
737	698
738	699
739	700
740	701
741	702
742	703
743	704
744	705
745	706
746	707
747	708
748	709
749	710
750	711
751	-1
752	712
753	713
754	714
755	715
756	716
757	717
758	718
759	719
760	720
761	721
762	722
763	723
764	724
765	725
766	726
767	727
768	728
769	729
770	730
771	-1
772	731
773	732
774	733
775	734
776,777	735
778	736
779	737
780	738
781	739
782	740,741
783	742
784	743,744
785	745
786	746
787	747
788	748
789	749
790	750
791	751
792	752
793	753
794	754,755
795	756
796	757
797	758
798	759
799	760,761
800	762
801	763
802	764
803	765
804	766
805	767
806	768
807	769
808	770
809	771
810	-1
811	772
812	773
813	774
814	775
815	776
816	777
817	778
818	779
819	780
820	781
821	782
822	783
823	784
824	785
825	786
826	787
827	788
828	789
829	790
830	791
831	792
832	793
833	794
834	795
835	796
836	-1
837	797
838	798
839	799
840	800,801
841	802
842	803
843	804
844	805
845	806
846	807
847	-1
848	808
849	809
850	810
851	811
852	812
853	813,814
854	815
855	816
856	817
857	818
858	819
859	820
860	821
861	822
862	823
863	824
864	825
865	826
866	827
867	828
868	829
869	830
870	831
871	832
872	833
873	834
874	835
875	-1
876	836
877	837
878	838,839
879	840
880	841
881	842
882	843
883	844
884	845
885	846
886	847
887	-1
888	848
889	849
890	850
891	851
892	-1
893	852
894,895	853
896	854
897	855
898	856
899	857
900	858
901	859,860
902	861
903	862
904	863
905	864
906	865
907	866,867
908	868
909	869,871
910	872
911	873,874
912	875
913	876
914	877
915	878
916	879,881
917	882
918	883,885
919	886
920	887
921	888
922	889
923	890
924,925	891
926,927	892
928	893
929	894
930	895
931	896
932	897
933	898
934	-1
935	899
936	900
937	901
938	902
939	903
940	904
941	905
942	-1
943	906
944	907
945	908
946	909
947	910
948,949	911
950	912
951	913
952	914
953	915
954	916
955	917
956	918
957	919
958,959	920
960	921
961	922
962	923
963	924
964	925
965	926
966	927
967	928
968	929
969	930
970	931
971	932
972	933
973	934
974	935
975	936
976	937
977	938
978	939
979	940
980	-1
981	941
982	942
983	943
984	944
985	945
986	946
987	947
988	948
989	949
990	950
991	951
992	952
993	953
994	954
995	955,956
996	957
997	958
998	959
999	960
1000,1001	961
1002	962
1003	963
1004	964
1005,1007	965
1008	966
1009,1010	967,968
1011	969
1012	970
1013	971
1014,1015	972
1016	973
1017	-1
1018,1019	974
1020	975
1021	976
1022	977
1023	978
1024,1025	979
1026	980
1027	981
1028	982
1029,1030	983
1031	984,985
1032	986
1033	987
1034	988
1035	989
1036	990
1037	991
1038	992
1039	993
1040,1041	994
1042	995
1043	996
1044	997
1045	998
1046	999
1047	1000,1001
1048	1002
1049	1003
1050	1004
1051	1005
1052	1006
1053	1007
1054,1055	1008
1056	1009
1057	1010
1058	1011
1059	1012
1060	1013
1061	1014
1062	1015
1063	1016
1064	1017
1065	1018
1066	1019
1067	1020
1068	1021
1069	1022
1070	1023
1071	1024
1072	1025
1073	1026
1074	1027
1075	1028
1076	1029
1077	1030
1078	1031
1079	1032
1080	1033
1081	1034
1082	1035
1083	1036
1084	1037
1085	1038
1086	1039
1087	1040
1088	1041
1089	1042
1090	1043
1091	1044
1092	1045
1093	1046
1094	1047
1095	1048
1096	1049
1097	1050
1098	1051
1099	1052
1100	1053
1101	1054
1102	1055
1103	1056
1104	1057
1105	1058
1106	1059
1107	1060
1108	1061,1062
1109	1063
1110	1064
1111	1065
1112	1066
1113	1067
1114	1068
1115	1069
1116	1070
1117	1071
1118	1072
1119	-1
1120	1073
1121	1074
1122	1075
1123	1076
1124	1077
1125	1078
1126	1079
1127	1080
1128	-1
1129	1081
1130	1082
1131	1083
1132	1084
1133	1085
1134	1086
1135	1087
1136	1088
1137	1089
1138	1090
1139	1091
1140	1092
1141	1093
1142	-1
1143	1094
1144	1095
1145	1096
1146	1097
1147	1098
1148	1099
1149	1100
1150	1101,1102
1151	1103
1152	1104
1153	1105
1154	1106
1155	1107
1156	1108
1157	1109
1158	1110
1159	1111
1160	1112
1161	1113
1162	1114
1163	1115
1164	1116
1165	1117
1166	1118
1167	1119
1168	1120
1169	1121
1170	1122
1171	1123
1172	-1
1173	1124
1174	1125
1175	1126
1176	1127
1177	1128
1178	1129
1179	1130
1180,1181	1131
1182	1132
1183	1133
1184	1134
1185	1135
1186	1136
1187	1137
1188	1138
1189	1139
1190	1140
1191	1141
1192	1142
1193	1143
1194	1144
1195	1145
1196	1146
1197	1147
1198	1148
1199	1149
1200	1150
1201	1151
1202	1152
1203	1153
1204	1154
1205	1155
1206	1156
1207	1157
1208	1158
1209	1159
1210	1160
1211	1161
1212	1162
1213	1163
1214	1164,1165
1215	1166
1216	1167
1217	1168
1218	1169
1219	1170,1171
1220	1172
1221	1173
1222	1174
1223	1175,1176
1224	1177
1225	1178
1226	1179
1227	1180
1228	1181,1182
1229	1183
1230	1184
1231	1185
1232	1186
1233	1187
1234	1188
1235	1189
1236	1190
1237	1191
-1	1192
-1	1193
-1	1194
1238	1195
1239	1196
1240	1197
1241	1198
1242	1199
1243	1200
1244	1201
1245	1202
1246,1247	1203
1248	1204,1205
1249	1206
1250	1207
1251	1208
1252	1209
1253,1254	1210
1255	1211
1256	1212
1257	1213
1258	1214
1259	1215
1260	1216
1261	1217
1262	1218
1263	1219,1220
1264	1221
1265	1222
1266	1223
1267	1224
1268	1225
1269	1226
1270	1227
1271	1228
1272,1273	1229
1274	1230
1275	1231
1276	1232
1277	1233
1278	1234
1279	1235
1280	1236,1237
1281	1238
1282	1239,1240
1283	1241
1284	1242
1285	1243
1286	1244
1287	1245
1288,1289	1246,1247
1290	1248
1291	1249
1292,1293	1250
1294	1251
1295	1252
1296	1253
1297,1298	1254
1299	1255
1300	1256
1301	1257
1302	-1
1303,1304	1258
1305	1259
1306	1260
1307	1261
1308	1262
1309	-1
1310	1263
1311	1264
1312	1265,1266
1313	1267
1314	1268
1315	1269
1316	1270
1317,1318	1271
1319	1272
1320	1273
1321	1274
1322	1275
1323	1276
1324	1277
1325	1278
1326	1279
1327	1280
1328	1281
1329	1282
1330	1283
1331	1284
1332	1285
1333	1286
1334	1287
1335	1288
1336	1289
1337	1290
1338	1291
1339	1292
1340	1293
1341	1294
1342	1295
1343,1344	1296
1345	1297
1346	1298
1347	1299
1348	1300
1349	1301
1350	1302
1351	1303
1352,1353	1304
1354	1305
1355	1306
1356	1307
1357	1308
1358	1309
1359	1310
1360	1311
1361	1312
1362	1313
1363,1364	1314
1365,1366	1315
1367	1316
1368	1317
1369	1318
1370	1319
1371	1320
1372	1321
1373	1322
1374	1323
1375	1324
1376	1325
1377	1326
1378	1327
1379	1328
1380	1329
1381	1330
1382	1331
1383	1332
1384	1333
1385	1334
1386,1387	1335
1388,1389	1336
1390	1337
1391	1338
1392	1339
1393	1340
1394	1341
1395	1342
1396	1343
1397	1344
1398	1345
1399	1346
1400,1401	1347
1402	1348
1403	1349
1404	1350
1405	1351
1406	1352
1407	1353
1408	1354
1409	1355
1410	1356
1411	1357
1412	1358,1359
1413	1360
1414	1361
1415	1362
1416	1363
1417	1364
1418	1365
1419	1366
1420	1367
1421	1368
1422	1369
1423	1370
1424	1371
1425	1372
1426,1427	1373
1428	1374
1429	1375
1430	1376
1431	1377
1432	1378
1433	1379
1434	1380
1435	1381
1436,1437	1382
1438	1383
1439	1384
1440	1385
1441	1386
1442	1387
1443	1388
1444	1389
1445	1390
1446	1391
1447	1392
1448	1393
1449	1394
1450	1395
1451	1396
1452,1453	1397
1454	1398
1455	1399
1456	1400
1457	-1
1458	1401
1459	1402
1460	1403
1461	1404
1462,1463	1405,1406
1464	1407
1465	1408
1466	1409
1467	1410
1468	1411
1469,1470	1412
1471	1413
1472	1414
1473	1415
1474	1416
1475	1417
1476	1418
1477	1419
1478	1420
1479	1421
1480	1422
1481,1482	1423
1483	1424
1484	1425
1485	1426
1486	1427
1487	1428
1488	1429
1489	1430
1490	1431
1491	1432
1492	1433
1493	1434
1494	1435
1495,1496	1436
1497	1437
1498	1438
1499	1439
1500	1440
1501,1502	1441
1503	1442
1504,1505	1443
1506	1444
1507	1445
1508	1446
1509	1447
1510,1511	1448
1512	-1
1513	1449
1514	1450
1515	1451
1516	1452
1517	1453
1518	1454
1519	1455
1520,1521	1456
1522	1457
1523	1458
1524	1459
1525,1526	1460
1527	1461
1528	1462
1529	1463
1530	1464
1531	1465
1532	1466
1533	1467
1534	1468
1535	1469
1536	1470
1537	1471
1538	1472
1539	1473
1540	1474
1541	1475
1542	1476
1543	1477
1544	1478
1545	1479
1546	1480
1547	1481
1548	1482
1549	1483
1550,1551	1484
1552,1556	1485
1557,1558	1486
1559	1487
1560,1561	1488
1562,1563	1489
1564	1490
1565	1491
1566,1567	1492
1568	1493
1569	1494
1570	1495
1571	1496
1572	1497
1573	1498
1574	1499
1575,1576	1500
1577	1501
1578	1502
1579	1503
1580	1504
1581	1505
1582	1506
1583	1507
1584	1508
1585	1509
1586	1510
1587	1511
1588	1512
1589	1513
1590	1514
1591,1592	1515
1593	1516
1594	1517
1595	1518
1596	1519
1597	1520
1598	1521
1599	1522
1600	1523
1601	1524
1602	1525
1603	1526
1604	1527
1605	1528
1606	1529
1607	1530
1608	1531
1609	1532
1610	1533
1611	1534
1612,1613	1535
1614	1536
1615	1537
1616,1617	1538
1618	1539
1619,1620	1540
1621	1541
1622	1542
1623	1543
1624	1544
1625,1626	1545
1627	1546
1628	1547
1629	1548
1630	1549
1631	1550
1632,1633	1551
1634	1552
1635	1553
1636	1554
1637	1555
1638	1556
1639	1557
1640,1641	1558
1642	1559
1643	1560
1644	1561
1645	1562
1646,1647	1563
1648	1564
1649	1565
1650	1566
1651	1567
1652	1568
1653	1569
1654,1655	1570
1656	1571
1657	1572
1658	1573
1659	1574
1660,1661	1575,1576
1662	1577
1663	1578
1664	1579
1665	1580
1666,1667	1581
1668	1582
1669	1583
1670	1584
1671	1585
1672	1586
1673	1587
1674,1675	1588
1676,1677	1589
1678	1590
1679	1591
1680	1592
1681	1593
1682	1594
1683	1595
1684	1596
1685	1597
1686	1598
1687,1688	1599
1689	1600
1690	1601
1691,1692	1602
1693	1603
1694	1604
1695	1605
1696	1606
1697	1607
1698	1608
1699	1609
1700	1610
1701	1611
1702	1612
1703	1613
1704	1614
1705	1615
1706,1707	1616
1708,1709	1617
1710	1618
1711	1619
1712	1620
1713	1621
1714	1622
1715	1623
1716	1624
1717	1625
1718	1626
1719,1720	1627
1721	-1
1722,1723	1628
1724	1629
1725	1630
1726	1631
1727	1632
1728	1633
1729	1634
1730	1635
1731	1636
1732	1637
1733	1638
1734	1639
1735	1640
1736	1641
1737	1642
1738,1739	1643
1740	1644
1741	1645
1742	1646
1743	1647
1744	1648
1745	1649
1746	1650
1747	1651
1748	1652
1749	1653
1750	1654
1751	1655
1752	1656
1753	1657
1754	1658
1755	1659
1756,1757	1660
1758	1661
1759	1662
1760	1663
1761	1664
1762	1665
1763	1666
1764	1667
1765	1668
1766	1669
1767	1670
1768	1671
1769	1672
1770	1673
1771	1674
1772,1773	1675
1774,1775	1676
1776	1677
1777	1678
1778	1679
1779	1680
1780	1681
1781	1682
1782	1683
1783	1684
1784	1685
1785	1686
1786	1687
1787,1788	1688
1789,1790	1689
1791	1690
1792	1691
1793	1692
1794	1693
1795	1694
1796	1695
1797	1696
1798	1697
1799	1698
1800	1699
1801	1700
1802	1701
1803	1702
1804	1703
1805	1704
1806	1705
1807	1706
1808	1707
1809	1708
1810	1709
1811,1812	1710
1813	1711
1814	1712
1815	1713
1816,1817	1714
1818	1715
1819,1820	1716
1821	1717
1822	1718
1823	1719
1824	1720
1825	1721
1826	1722
1827	1723
1828	1724
1829	1725
1830	1726
1831,1832	1727
1833	1728
1834	1729
1835	1730
1836	1731
1837	1732
1838	1733
1839	1734
1840	1735
1841	1736
1842	1737
1843	1738
1844	1739
1845	1740
1846	1741
1847	1742
1848	1743
1849,1850	1744
1851	1745
1852	1746
1853	1747
1854	1748
1855	1749
1856	1750
1857	1751
1858	1752
1859	1753
1860,1861	1754
1862	1755
1863	1756,1757
1864	1758
1865	1759
1866	1760
1867,1868	1761,1762
1869	1763
1870,1871	1764
1872,1873	1765
1874	1766
1875	1767
1876	1768
1877,1878	1769,1770
1879	1771
1880	1772
1881	1773
1882	1774
1883,1885	1775
1886,1887	1776
1888	1777
1889	1778
1890	1779
1891	1780
1892,1893	1781
1894	1782
1895	1783
1896	1784
1897	1785
1898	1786
1899	1787
1900	1788
1901	1789
1902	1790
1903	1791
1904	1792
1905	1793
1906	1794
1907	1795
1908	1796
1909,1910	1797
1911,1913	1798
1914,1916	1799
1917	-1
1918,1921	1800
1922,1923	1801
1924,1926	1802
1927	1803
1928	-1
1929	1804
1930,1932	1805
1933	1806
1934	1807
1935	1808
1936	1809
1937	1810
1938	1811
1939	1812
1940	1813
1941	-1
1942,1943	1814
1944	1815
1945	1816
1946	1817
1947	1818
1948	1819
1949	1820
1950	1821
1951	1822
1952	1823
1953	1824
1954	1825
1955	1826
1956	1827
1957	1828
1958	1829
1959,1961	1830
1962	1831
1963	1832
1964,1965	1833
1966	1834
1967	1835
1968	1836
1969	1837
1970	1838
1971	1839
1972	1840
1973	1841
1974	1842
1975	1843
1976,1977	1844
1978	1845
1979,1980	1846
1981	1847
1982	1848
1983	1849
1984	1850
1985	1851
1986	1852
1987	1853
1988	1854
1989	1855
1990	1856
1991,1992	1857
1993	1858
1994	1859
1995	1860
1996	-1
1997,1998	1861
1999	1862
2000	1863
2001	1864
2002	1865
2003	1866
2004	1867
2005	1868
2006	1869
