0	-1
1	-1
2	-1
3	-1
4	-1
5	-1
6	-1
7	-1
8	-1
9	-1
10	-1
11	-1
12	-1
13	-1
14	-1
15	-1
16	-1
17	-1
18	-1
19	-1
20	-1
21	-1
22	-1
23	-1
24	-1
25	-1
26	-1
27	-1
28	-1
29	-1
30	-1
31	-1
32	-1
33	-1
34	-1
35	0
36	1
37	2
38,39	3
40	4
41	5
42	6,7
43	8
44	9
45	10
46	11
47	12
48	13
49	14
50	15
51	16
52	17
53	18
54	19
55	20
56	21
57	22
58	23,24
59	25,26
60	27
61	28
62	29
63	30,31
64	32,33
65	34
66	35
67	36
68	37
69	-1
70	-1
71	-1
72	-1
73	-1
74	-1
75	-1
76	-1
77	-1
78	-1
79	-1
80	-1
81	-1
82	-1
83	-1
84	-1
85	-1
86	-1
87	-1
88	38
89	39
90	40
91	41
92	42
93	43
94	44
95	45
96	46
97	47
98,99	48
100	49
101	50
102	51
103	52
104	53
105	54
106	55
107	56
108	57
109	58
110	59
111	60
112	61
113	62
114	63
115	-1
116	-1
117	-1
118	-1
119	-1
120	-1
121	-1
122	-1
123	64
124	65
125	66
126	67
127	68
128	69
129	70
130	71
131	72
132	73
133	74
134	75
135	76
136	77
137	-1
138	-1
139	-1
140	-1
141	-1
142	-1
143	-1
144	-1
145	-1
146	-1
147	-1
148	-1
149	-1
150	-1
151	78
152	79
153	80
154	81
155	82
156	83
157	84
158	85
159	86
160	87
161	88
162	89
163	90
164	91
165	92
166	93
167	94,95
168	96
169	97
170	98
171	99,100
172	101
173	102
174	103
175	104
176	105
177	106
178	-1
179	-1
180	-1
181	-1
182	107,108
183	109
184	110
185	111
186	112
187	113
188	114
189	115,116
190	117,118
191	119
192	120
193	-1
194	-1
195	-1
196	-1
197	-1
198	-1
199	-1
200	-1
201	-1
202	-1
203	-1
204	-1
205	-1
206	-1
207	-1
208	-1
209	-1
210	-1
211	-1
212	-1
213	-1
214	-1
215	-1
216	-1
217	-1
218	-1
219	-1
220	-1
221	-1
222	-1
223	-1
224	-1
225	-1
226	-1
227	-1
228	-1
229	121
230	122
231	123
232,233	124
234	125
235	126,127
236	-1
237	-1
238	-1
239	-1
240	-1
241	-1
242	-1
243	-1
244	-1
245	-1
246	-1
247	-1
248	-1
249	-1
250	-1
251	-1
252	-1
253	-1
254	-1
255	-1
256	-1
257	-1
258	-1
259	-1
260	-1
261	-1
262	-1
263	-1
264	-1
265	-1
266	-1
267	-1
268	-1
269	-1
270	-1
271	-1
272	-1
273	-1
274	-1
275	-1
276	-1
277	-1
278	-1
279	-1
280	-1
281	-1
282	-1
283	-1
284	-1
285	-1
286	-1
287	-1
288	-1
289	-1
290	-1
291	-1
292	-1
293	-1
294	-1
295	-1
296	128
297,298	129
299	130
300	131
301	-1
302	-1
303	-1
304	-1
305	-1
306	-1
307	-1
308	-1
309	-1
310	-1
311	-1
312	-1
313	-1
314	-1
315	-1
316	-1
317	-1
318	-1
319	-1
320	-1
321	-1
322	-1
323	-1
324	-1
325	-1
326	-1
327	-1
328	-1
329	-1
330	-1
331	-1
332	-1
333	-1
334	-1
335	-1
336	-1
337	-1
338	-1
339	-1
340	-1
341	-1
342	-1
343	-1
344	-1
345	-1
346	-1
347	-1
348	-1
349	-1
350	-1
351	-1
352	-1
353	-1
354	-1
355	-1
356	-1
357	-1
358	-1
359	-1
360	-1
361	-1
362	-1
363	-1
364	-1
365	-1
366	-1
367	-1
368	-1
369	-1
370	-1
371	-1
372	-1
373	-1
374	-1
375	-1
376	-1
377	-1
378	-1
379	-1
380	-1
381	-1
382	-1
383	-1
384	-1
385	-1
386	-1
387	-1
388	-1
389	-1
390	-1
391	-1
392	-1
393	-1
394	-1
395	-1
396	-1
397	-1
398	-1
399	-1
400	-1
401	-1
402	-1
403	-1
404	-1
405	-1
406	-1
407	-1
408	-1
409	-1
410	-1
411	-1
412	-1
413	-1
414	-1
415	-1
416	-1
417	132
418	133
419	134
420	135
421	136
422	137
423	-1
424	138
425	139
426	140
427	141
428	142
429	143
430	144
431	145,146
432	147
433	148
434	149
435	150
436	151,152
437	153
438	154
439	155
440	156
441	157
442	158
443	159,160
444	161
445	162
446	163,164
447	165
448	166,167
449	168
450	169
451,452	170
453	-1
454	171
455	172
456	173
457	174
458	175
459	176
460	177
461	178
462	179
463	180
464	181
465	182
466	183
467	184
468	185
469	186,188
470	189
471	190
472	191
473	192
474	193
475	194
476	195
477	196,197
478	198
479	199
480	200
481	201
482	202,203
483	204
484	205,206
485	207
486	208
487	209
488	210
489	-1
490,491	211
492	212
493	213
494	214
495	215,216
496	217
497	218
498	219
499	220
500	221
501	222
502	223
503	224
504	225,226
505	227
506	228
507	229,230
508	231
509	-1
510	232,233
511	234
512	235,237
513	238
514	239
515	240
516	241
517	242,243
518	244,246
519	247
520	248,249
521	250
522	251
523	252
524	253
525	254
526	255
527	256
528	257
529	258
530	259,260
531	261,263
532	264
533	265,266
534	-1
535,536	267
537	268
538	269
539	270,271
540	272,273
541	-1
542	274
543	275
544	276
545	277
546	278
547	279
548	280
549	281
550	282
551	283
552	284
553	285
554	286
555	287
556	288
557	289
558	290
559	291,292
560	293,294
561	295
562	296
563	297
564	298
565	299
566	300
567	301
568	302
569	303
570	304
571	305
572	306
573	307
574	-1
575,576	308
577	309
578	310,311
579	312
580	313
581	314
582	315
583	316
584	317,318
585	319
586	320
587	321
588	322
589	323
590	324
591	325
592	326
593	-1
594	327
595	328
596	329
597	330,331
598	332
599	-1
600	333,334
601	335
602	336
603	337
604	338
605	339
606	340,341
607	342
608,609	343
610	344
611	345
612	346
613	347
614	348
615	349
616	350
617	-1
618,619	351
620	352
621	353
622	354
623	355
624	356
625	-1
626	357,362
627	363
628	364
629	365
630	366
631	367
632	368
633	369
634	370
635	371
636	372
637	373
638	374
639,640	375
641	376
642	377
643	378
644	379
645	380
646	381
647	382
648	383
649	384
650	385
651	386
652	387
653	388
654	389
655	390
656	391
657	392
658	393
659	394
660,661	395
662	396
663	397
664	398
665	399
666	400
667	401
668	402
669	403
670	404
671	405
672	406
673	407
674,675	408
676	409
677	410
678	411
679,680	412
681	413
682,684	414,415
685	416
686	417
687	418
688	419
689	420
690	421
691	422
692	423
693,694	424,425
695	426
696	427
697	428
698	429
699	430
700	431,432
701	433
702	-1
703,704	434
705	435,436
706	437
707	438,439
708	440
709	441
710	442
711	443
712	444
713	445
714	446
715	447
716	448
717	449
718	-1
719	450
720	451
721	452
722	453
723	454
724	455,456
725	457
726	458
727	459
728	460
729	461
730	462
731	463
732	464
733	465
734	466
735	467
736	468
737	469,471
738	472
739	473,475
740	476,477
741	478
742	479
743	480
744	481
745	-1
746	482,483
747	484
748	485
749	486
750	487,488
751	489,490
752	491,492
753	493
754	494
755,756	495
757	496,497
758	-1
759,760	498,499
761	500
762	501,502
763	503
764	504
765	505
766	506
767	507
768	508
769	509
770	510
771	511
772	512
773	513
774	514
775	515,516
776	517
777	518
778	519
779	520
780	521
781	522
782	523
783	524
784	525
785	526
786	527
787	528
788	529
789	530
790	531
791	532
792	533
793	534
794	535
795	536
796	-1
797	537
798	538
799	539
800	540
801	541
802	542
803	543
804,805	544
806	545
807	546
808	547
809	548
810	549
811	550
812	551
813	552
814	553
815	554
816	555
817	556
818	557
819	558
820	559
821	560
822	561
823	562
824	563
825	564
826	565
827	566
828	567,568
829	569
830	570
831	571,572
832	573
833	574
834	575
835	576
836	577
837	578
838	579
839	580
840	581
841	-1
842	582,583
843	584
844	585
845	586
846	587
847	588
848	589,590
849	591
850	592
851	593
852	594
853	595
854	596
855	597,598
856,857	599
858	600,602
859	603
860	604
861	605
862	606
863	607
864	608
865	609
866	610
867	611
868	612
869	613
870	614
871	615
872	616
873	617,618
874	619,620
875	621
876	622
877	623
878	624
879	625
880	626
881	627
882	628
883	629
884	-1
885	630
886	631
887	632
888	633
889	634
890	635
891	636
892	637
893	638
894	639
895	640
896	641
897	642
898	643
899	644
900	645
901	646
902	647
903	648
904	649
905	650
906	651
907	652
908	653
909	654
910	655
911	656,657
912	658
913	659
914	660
915	661
916	662
917	663
918	664
919	665
920	666
921	667
922	668
923	669
924	670
925	671
926	672
927	673
928	674
929	675
930	676
931	677
932	678
933	679
934	680
935	681
936	682
937	683
938	684
939	685
940	686
941	687
942	688
943	689
944	690,691
945	692
946	693
947	694
948	695
949	696
950	697
951	698
952	699
953	700,701
954	702,703
955	704
956	705,706
957	707
958,959	708,709
960	710
961	711,712
962	-1
963,964	713
965	714
966	715
967	716
968	717
969	718
970	719
971	720
972	721
973	722
974	723
975	724
976	725
977	726
978	727
979	728
980	729
981	730
982	731
983	732
984	733
985	734
986	-1
987	735
988	736
989	737
990	738
991	739
992	740
993	741
994	742
995	743,744
996	745,746
997	747
998	748
999	749
1000	750
1001	751
1002	752
1003	753
1004	754
1005,1006	755
1007	756
1008	757
1009	758
1010	759
1011	760
1012	761,762
1013	763
1014	764
1015	765
1016	766
1017	767
1018	768,769
1019	770,771
1020	772
1021	773
1022	774
1023	775
1024	776
1025	777
1026	778,779
1027	780
1028	781
1029	782
1030,1031	783,784
1032	785
1033	786
1034	787
1035	788
1036	789
1037	-1
1038	790
1039	791
1040	792
1041	793
1042	794
1043	795
1044	796
1045	797
1046	798
1047	799
1048	800
1049	801
1050	802
1051	803
1052	804
1053	805
1054	806
1055	807
1056	808
1057	809
1058	810
1059	811
1060	812
1061	813
1062	814
1063	815
1064	816
1065	817
1066	818
1067	819,820
1068	821,822
1069	823
1070	824
1071	825
1072	826
1073	827
1074	-1
1075	828,829
1076	830,831
1077	832
1078	833
1079	834
1080	835
1081	836
1082	837
1083	838
1084	-1
1085	839
1086	840
1087	841
1088	842
1089	843
1090	844
1091	845
1092	846
1093	847
1094	848
1095	849
1096	850
1097	851
1098	852
1099	853
1100	854
1101	855
1102	856
1103	857
1104	858,859
1105	860
1106	861
1107,1109	862
1110	863
1111	864
1112	865
1113	866
1114	867,868
1115	869
1116	870
1117	871,872
1118	873
1119	874
1120	875
1121	876
1122	877
1123	878,879
1124	880
1125,1126	881
1127	882,883
1128	884
1129	885
1130	886
1131	887
1132	888
1133	889
1134,1135	890
1136	891
1137	892
1138	893
1139	894
1140	895
1141	896
1142	897
1143	898
1144	899
1145	900
1146	901
1147	902
1148	903
1149	904
1150	905,906
1151	907
1152	908
1153	909
1154	910,911
1155	-1
1156	912
1157	913
1158	914
1159	915
1160	916
1161	917
1162	918
1163	919
1164	920
1165	921
1166	922
1167	923
1168	924
1169	925,926
1170	927
1171	928
1172	929
1173	930
1174	931
1175	932
1176	933
1177	934
1178	935
1179	936
1180	937
1181	938
1182	939
1183	940
1184	941
1185	942
1186	943
1187	944,945
1188	946
1189	947
1190	948
1191	949
1192	950
1193	951
1194	952
1195	953
1196	954
1197,1198	955
1199	956,957
1200	958
1201	959
1202	960
1203	961
1204	962
1205	963
1206	964
1207	965
1208	966
1209	967,968
1210	969
1211	970
1212	-1
1213	971,972
1214	973
1215	974
1216	975
1217	976
1218	977
1219	978
1220	979
1221	-1
1222	980,982
1223	983
1224	984
1225	985
1226	986
1227	987
1228	988,989
1229	990
1230	991,992
1231	993
1232	994
1233	995
1234	996
1235	997
1236	998
1237	999
1238	1000
1239	1001
1240	1002
1241	1003
1242	1004
1243	1005,1006
1244	1007
1245	1008
1246	1009
1247	1010
1248	1011
1249	1012
1250	1013
1251	1014
1252	-1
1253	1015
1254	1016
1255	1017
1256	1018
1257	1019
1258	1020,1022
1259,1260	1023
1261	1024,1025
1262	1026
1263	1027
1264	1028
1265	1029
1266	1030
1267	1031,1032
1268,1269	-1
1270	1033
1271	1034
1272	1035,1036
1273	1037
1274	1038
1275	1039
1276	1040
1277	1041,1042
1278,1279	1043,1046
1280	1047
1281	1048
1282	1049
1283	1050
1284	1051
1285	-1
1286	1052
1287	1053
1288	1054
1289	1055,1056
1290	1057
1291	1058
1292	1059,1060
1293	1061
1294	1062
1295	1063
1296	1064
1297	1065
1298	1066
1299	1067
1300	1068,1069
1301	1070
1302	1071
1303	1072,1073
1304	-1
1305	1074
1306	1075
1307	1076,1077
1308	1078
1309	1079
1310	1080
1311	1081
1312	1082
1313	1083
1314	1084
1315	1085
1316	1086
1317	1087
1318	1088
1319	1089
1320	1090
1321	1091
1322	1092
1323	1093
1324	1094
1325	1095
1326	1096
1327	1097
1328	1098
1329	1099,1100
1330	1101
1331	1102
1332	1103
1333	1104
1334	1105
1335	1106
1336	1107
1337	1108
1338	1109
1339	1110
1340	1111
1341	1112
1342	1113
1343	1114,1115
1344	1116
1345	1117
1346	1118
1347	1119
