0	0,1
1	2
2	3
3	4
4	5
5	6,7
6	8
7	9,10
8	11
9	12
10	13,16
11	17
12	18
13	19
14	20
15	21
16,17	22
18	23
19	24,25
20	26
21	27
22	28
23	29
24	30
25	31
26	32
27	33
28	34
29	35
30	36
31	37,38
32	39,40
33	41
34	42
35	43,45
36	46
-1	47
37	48
38	49,50
39	51
40,41	52
42	53
43	54
44	55
45	56
46	57
47	58,59
48	60
49	61
50	62
51	63
52	64,65
53	66
54,55	67
56	68,69
57	70
58	71
59	72
60	73
61	74
62,63	75
64	76
65	77
66	78,79
67	80
68	81
69	82
70	83
71,72	84
73	85
74	86
75	87
76,77	88
78	89
79	90,91
80	92,93
81	94
82	95
83	96
84	97
85	98
86	99,100
87	101,102
88	103
89	104
90	105
91	106
92	107,109
93	110
94	111
95	112
96	113
97,98	114,115
99	116
100	117
101	118
102	119
103	120
104	121
105	122
106	123,124
107	125
108	126
109	127,128
110	129,130
111	131
112,113	132
114	133
115	134,135
116	136,137
117	138
118	139
119	140
120	141,142
121	143
122	144,145
123	146
124	147
125	148,149
126	150
127,128	151
129	152,155
130	156,157
131	158
132	159
133	160
134	161,163
135	164
136	165
137	166,167
138	168
139	169
140	170
141	171
142	172
143	173,174
144,145	175
146	176
147	177
148	178
149	179
150	180
151	181
152	182
153	183
154,155	184
156	185,186
157	187,188
158	189
159	190
160	191
161	192
162	193
163	194
164	195,196
165	197
166	198
167,168	199,200
169	201
170	202,203
171,172	204
173	205,206
174	207,208
175	209
176,177	210
178	211
179,180	212
181,182	213
183	214,215
184,186	216,217
187	218
188	219
189,190	220
191	221
192	222,223
193	224
194	225
195	226
196	227
197	228
198	229
199	230
200,201	231,232
202	233
203	234
204	235,236
205	237
206,207	238
208,209	239
210,211	240,241
212	242
213,214	243
215	244
216	245,246
217	247,249
218	250
219	251
220	252
221,223	253
224	254
225	255
226	256
227	257
228	258
229	259
230	260,261
231	262,263
232	264
233	265
234,235	266,267
236	268
237	269
238	270
239	271,272
240	273,274
241	275
242,243	276
244	277
245	278
246,247	279
248	280
249,250	281
251	282
252,253	283
254	284
255	285,286
256	287
257	288
258	289,290
259	291
260	292
261,262	293,294
263	295
264	296
265	297
266	298,301
267	302
268	303
269	304
270	305,306
271	307,308
272	309,310
273	-1
274	-1
275	-1
276	-1
277	-1
278	-1
279	-1
280	-1
281	-1
282	-1
283	-1
284	-1
285	-1
286	-1
287	-1
288	-1
289	-1
290	-1
291	-1
292	-1
293	-1
294	-1
295	-1
296	-1
297	-1
298	-1
299	-1
300	-1
301	-1
302	-1
303	-1
304	-1
305	-1
306	-1
307	-1
308	-1
309	-1
310	-1
311	-1
312	-1
313	-1
314	-1
315	-1
316	311
317	312
318	313
319,320	314
321	315,316
322	317,318
323	319
324	320
325	321
326	322
327	-1
328	-1
329	-1
330	-1
331	-1
332	-1
333	-1
334	323,324
335	325
336,337	326
338	327
339	328
340	329
341	330
342	331,332
343	333
344	334,335
345	336
346	337
347	338,339
348	340
349	341
350	342,343
351	344
352	345
353	346
354	347
355	348
356	349,350
357	351
358	352
359	353,354
360	355,356
361	357
362	358
363	359
364	360
365	361,362
366	363
367	364
368	365
369	366,367
370	368,369
371	370
372,374	371
375	372
376,377	373
378	374
379	375
380	376
381,383	377
384	378
385	379
386,388	380
389	381,382
390	383
391	384,385
392	386
393	387,388
394	389
395	390,391
396	392
397	393
398	394
399	395
400	396
401	397
402	398
403	399
404	400
405	401
406	402
407,408	403
409	404
410	405
411	406
412	407
413	408,409
414	410
415	411
416,417	412
418	413
419	414
420	415,416
421	417
422	418
423	419
424	420
425	421
426,427	422,423
428	424
429	425
430	426
431	427
432,433	428
434	429,431
435	432,433
436	434
437	435
438,439	436
440	437
441	438
442	439
443	440
444	441
445	442
446	443
447	444
448	445
449	446,447
450	448
451	449
452	450
453	451
454	452
455	453
456	454
457	455
458	456
459	457
460,462	458
463	459
464	460
465	461,462
466	463
467	464
468	465
469	466
470,471	467,469
472	470
473,474	471
475	472
476,477	473,474
478,481	475
482	476,477
483	478
484	479
485	480
486	481
487	482
488,489	483,484
490	485
491	486,487
492	488
493	489
494	490
495,496	491
497	492,493
498,499	494
500	495
501	496
502,503	497
504	498
505,506	499
507,508	500
509,510	501
511	502
512	503
513	504
514	505
515,516	506
517	507
518	508
519	509
520	510
521,522	511
523	512
524	513
525,526	514,515
527	516
528	517
529	-1
530	-1
531	-1
532	-1
533	-1
534	-1
535	-1
536,537	518,519
538,539	520,521
540	522
541	523
542	524
543,544	525
545	526
546	527
547	528
548,549	529
550	530
551,552	531,532
553	533
554	534
555	535,536
556	537
557	538,539
558	540,541
559	542,543
560	544
561	545
562	546,547
563,564	548
565	549
566	550
567	551
568	552
569	553,554
570	555,556
571	557
572	558
573	559
574	560
575	561
576	562
577	563
578	564
579	565
580	566,567
581	568
582	569
583	570,571
584	572
585	573,574
586	575
587,588	576
589	577
590	578,579
591	580
592	581
593	582
594	583
595,596	584,585
597	586,587
598,599	588
600	589
601	590,591
602	592
603	593
604	594,596
605	597
606	598
607,609	599
610	600,601
611,612	602
613	603
614,615	604
616	605
617,618	606,608
619,620	609,611
621	-1
622	-1
623	-1
624	-1
625	-1
626	-1
627	-1
628	612
629	613
630	614
631	615,616
632	617
633	618
634,635	619
636,638	620
639	-1
640	621
641	622
642	623
643	624
644	625
645	626
646	627
647	628
648	629,630
649	631
650	632,633
651	634
652	635
653	636
654,656	637
657	638
658,659	639,641
660	642
661	643
662	644
663	645
664	646,647
665	648
666	649
667,668	650,651
669,670	652
671,672	653
673	654
674	655,656
675,676	657
677	658
678,679	659
680,681	660
682	661,662
683	663
684,685	664
686	665
687	666
688	667
689	668
690	669
691,692	670,671
693	672
694,695	673
696,697	674
698	675
699	-1
700,702	676,677
703	678
704	679,680
705	681
706	682
707	683
708	-1
709	-1
710	-1
711	-1
712	-1
713	-1
714	-1
715	-1
716	-1
717	-1
718	-1
719	-1
720	-1
721	-1
722	-1
723	-1
724	-1
725	-1
726	-1
727	684
728	685
729	686
730	687
731	688,689
732	690,691
733	692
734	693
735	694
736	695,696
737	697
738	698,699
739	700
740	701
741	702
742	703
743	704
744	705
745	706
746	707
747	708
748	709
749	710
750	711
751	712
752	713
753	714
754	715
755	716
756	717,718
757	719
758	720
759	721
760	722
761	723,724
762	725
763	726,728
764	729,730
765	731,732
766	733
767	734
768,769	735
770	736
771	737
772	738
773	739
774	740,741
775	742
776,777	743
778	744
779,781	745
782	746
783	747
784	748,749
785	750
786,787	751,752
788	753
789,790	754
791	755
792	756
793	757,759
794	760
795	761
796	762,763
797	764
798	765
799	766,767
800	768
801	769
802	770
803	771
804	772
805	773,775
806	776,777
807	778,779
808	780
809	781
810	782
811,812	783,784
813	785,787
814	788
815	789
