0,1	0
2,5	1
6,7	2,3
8,9	4
10	5,6
11	7,8
12	9
13	10
14,15	11
16	12,13
17	14,15
18	16
19	17
20,21	18
22	19
23	20,21
24	22
25	23
26	24
27	25
28	26
29	27
30	28
31	29
32	30
33	31,32
34	33
35,36	34,35
37	36
38	37,38
39	39,41
40,41	42
42	43
43	44
44	45
45	46
46,47	47,48
48	49,50
49	51
50,51	52,53
52	54
53	55
54	56,57
55,57	58,59
58,59	60
60	61
61	62
62	63
63	64,65
64	66
65,66	67,68
67	69,71
68	72
69	73
70	74
71	75
72,74	76
75,77	77
78	78
79	79,80
80	81,83
81	84
82	85
83	86
84,85	87,88
86	89
87	90
88	91
89,90	92
91,92	93
93	94,96
94	97
95,96	98
97,99	99,100
100	101,102
101	103
102	104
103	105
104	106
105	107
106	108,109
107	110
108	111
109,111	112,113
112	114,115
113	116
114,115	117
116	118,119
117	120,122
118	123,124
119	125
120,122	126
123,124	127,128
125	129
126	130
127	131
128	132,134
129	135
130	136,137
131	138
132	139,140
133	141,143
-1	144
134	145
135	146
136	147
137	148
138	149
139,141	150
142	151
143	152
144	153
145	154
146	155
147	156
148	157
149	158
150	159
151	160
152	161
153	162
154	163
155	164
156,157	165
158	166
159	167
160	168
161,162	169
163,164	170,171
165,166	172
167,169	173
170	174
171	175
172	176
173	177
174	178
175	179
176	180
177	181
178	182
179,180	183
181,182	184
183	185
184	186,187
185	188,189
186,187	190
188	191
189	192,193
190	194
191,192	195,196
193	197
194,195	198
196,197	199
198,199	200,201
200	202
201	203
202	204
203	205
204,207	206
208	207
209,210	208
211	209
212,214	210
215	211
216	212,213
217	214,215
218	216
219,220	217,218
221	219
222,224	220
225	221
226,228	222
229	223,224
230,231	225
232,233	226,227
234	228
235,236	229,230
237	231,232
238,239	233
240	234
241,243	235
244	-1
245	236
246	237,238
247	239
248,249	240
250	241
251	242
252,253	243
254,255	244,245
256	246,247
257	248
258	249
259	250
260	251,252
261	253
262	254
263,265	255
266	256
267	257
268	258,260
269	261
270	262,263
271	264
272	265
273	266
274	267
275	268
276	269
277	270
278	271,273
279	274
280	275
281,282	276,278
283	279,280
284	281,282
285	283,284
286	285,287
287	288
288	289
289	290
290	291,292
291,292	293,294
-1	295
-1	296
-1	297
-1	298
-1	299
-1	300
-1	301
-1	302
-1	303
-1	304
-1	305
-1	306
-1	307
-1	308
-1	309
-1	310
-1	311
-1	312
-1	313
-1	314
-1	315
-1	316
-1	317
-1	318
-1	319
-1	320
-1	321
-1	322
-1	323
-1	324
-1	325
-1	326
-1	327
-1	328
-1	329
-1	330
293,294	331
295,296	332
297	333,334
298	335
299	336,338
-1	339
-1	340
-1	341
-1	342
-1	343
-1	344
-1	345
-1	346
300	347,348
301	349
302	350
303,304	351
305,306	352
307	353
308	354,356
309,310	357,358
311	359
312	360
313	361,362
314,315	363
316,317	364,365
318	366
319	367
320	368
321	369
322,323	370
324	371
325	372
326	373,374
327	375,376
328	377
329	378
330	379
331	380
332,335	381
336	382
337	383,384
338	385
339,341	386
342,343	387
344,347	388
348	389
349,352	390
353	391
354	392
355	393
356,357	394
358,361	395
362	396,397
363	398
364	399
365	400
366	401
367	402
368	403
369	404
370	405
371	406
372	407
373	408
374	409
375	-1
376	410
377,379	411
380	412,413
381,382	414
383,384	415
385	416
386	417
387	418
388	419
389	420,421
390	422,423
391,392	424
393	425
394	426
395	427,428
396	429
397	430
398,399	431
400	432,433
401,403	434
404	435
405	436,437
406	438
407	439,440
408	-1
409,412	441
413,414	442
415,417	443,444
418	445
419	446
420	447
421	448
422	449
423	450
424	451
425	452
426,427	453
428	454
429	455
430,432	456
433,434	457
435,436	458
437,438	459
439,440	460,462
441,442	463,465
443,445	466
446,447	467,468
448,449	469,470
450,451	471,473
452	474
453	475
454	476,477
455	478
456,457	479
458	480
459	481
460,461	482,483
462	484
463	485
464	486
465,468	487
469	488
470	489
471	490
472,473	491
474	492
475	493
476	494
477	495
478	496
479	497,498
480	499
481	500
482	501,502
483,484	503,504
485	505
486	506
487	507
488	508
489	509
490	510
491	511
492	512
493	513
494,495	514
496	515
497	516
498,499	517
-1	518
500	519
501	520,521
-1	522
-1	523
-1	524
-1	525
-1	526
-1	527
-1	528
-1	529
502	530,531
503	532
504,505	533
506	534
507	535
508	536
509,510	537
511	538
512	539
513	540
514	541
515	542
516,517	543
518	544
519,520	545,546
521,522	547
523,524	548,549
525	550
526	551
527	552,553
528	554
529	555,556
530,531	557
532	558,559
533,534	560
535	561
536	562
537,538	563,564
539	565,566
540,541	567
542,544	568,569
545	570
546	571,572
547	573
548	574
549	575
550	576
551,552	577,578
553	579,580
554	581,582
555	583
556	584
557	585,586
558,559	587
560,561	588,589
562	590
563,564	591
565	592,593
566	594,595
567	596,598
568	599,600
569,571	601
572,573	602
574,575	603,605
576	606
577,578	607
579	608,609
580	610
581	611
582	612
583	613
584	614
585	615
586	616
587	617
588	618
589	619
-1	620
590	621
591,593	622,623
594,595	624,625
596	626
597,598	627,628
599	629
600	630
601	631
602	632,633
603	634
604	635
605	636
606	637
607	638
608	639
-1	640
609	641,642
610	643
611	644,645
612,613	646
614	647
615	648,649
616	650,652
617	653
618	654,655
619	656
620	657
621	658
622	659
623,625	660
626	661,663
627	664
628	665
-1	666
629	667
630	668
631	669
632,634	670
635	671
636,637	672
638,639	673,675
640	676
641	677
642	678
643	679
644	680,681
645	682,684
646	685
647,648	686
649	687,689
650	690
651	691
652	692
653	693
654,655	694
656	695
657	696
658,659	697,698
660,661	699
662	700
663,664	701
665	702
666,667	703
668,669	704
670	705
671,672	706
673,674	707,708
-1	709
-1	710
-1	711
-1	712
-1	713
-1	714
-1	715
-1	716
-1	717
-1	718
-1	719
-1	720
-1	721
-1	722
-1	723
-1	724
-1	725
-1	726
-1	727
-1	728
-1	729
-1	730
-1	731
-1	732
675	733,734
676	735
677	736
678	737
679	738,740
680	741
681	742
682	743
683	744
684	745,746
685	747
686	748,749
687	750
688	751
689	752
690	753
691	754,755
692	756
693	757
694	758
695	759
696	760,761
697	762
698,699	763,764
700	765
701	766
702	767
703	768
704	769
705	770
706	771
707	772
708	773
709	774,775
710	776
711	777
712	778,779
713	780,781
714	782
715	783
716,717	784,785
718	786
719	787
720,721	788,789
722	790,791
723	792,793
724,725	794,795
726	796,797
727,728	798
729	799
730,731	800,801
732	802
733	803
734	804
735	805
736	806,807
737	808
738	809
739	810
740	811
741,743	812
744	813,814
745,746	815
747	816
748,749	817
750,751	818
752	819,820
753	821,824
754	825,826
755	827
756	828
757	829,830
758,760	831
761	832,833
762,763	834,835
