0,1	0
2	1
3	2
4	3
5	4
6,7	5
8	6
9,12	7
13,14	8
15	9
16	10,11
17	12,13
18	14
19,20	15
21	16
22	17,18
23,25	19
26,28	20
29	21
30	22
31	23
32,33	24,25
34	26
35	27
36,38	28
39	29
40	30
41,44	31
45,47	32
48	33
49,50	34,35
51,52	36,37
53	38,39
54	40
55,56	41,42
57	43
58	44
59	45
60	46
61,62	47,48
63	49
64,65	50
66	51
67	52,53
68,69	54
70	55
71	56
72,73	57
74	58
75,76	59,61
77	62
78,79	63
80,81	64
82,83	65
84	66
85	67
86,87	68
88	69
89	70
90	71
91	72,73
92,93	74
94	75
95	76
96	77
97,98	78
99,100	79
101	80
102	81
103,104	82
105	83
106,109	84
110,113	85
114	86
115	87
116	88,89
117,119	90,91
120,122	92
123,125	93
126,127	94
128	95
129,130	96
131	97
132,133	98,99
134,135	100
136,137	101
138	102
139,140	103,104
141,143	105,106
144,145	107,108
146	109,110
147	111,112
148,149	113
150	114
151	115,116
152	117,118
153,154	119
155	120
156,157	121
-1	122
158	123
159	124
160	125
161	126
162	127
163,166	128
167,169	129
170	130
171	131
172	132
173,174	133
175	134
176	135,136
177,178	137
179	138
180	139
181	140,141
182	142
183,184	143,144
185	145
186	146,147
187	148
188	149
189,190	150
191	151
192	152
193	153
194,195	154
196	155
197,198	156,158
199	159,160
200	161
201	162,163
202	164
203	165
204	166,167
205,207	168
208	169,170
209,210	171
211	172,173
212	174
213	175,176
214	177
215,216	178,180
217,218	181
219	182
220,221	183,184
222	185
223	186
224,227	187
228	188
229	189
230	190
231	191
232	192
233	193
234	194
235,236	195,196
237,239	197
240	198
241	199
242	200
243	201
244,245	202
246	203
247	204
248,249	205
250,251	206
252	207
253,254	208
255	209
256	210
257	211
258	212
259	213,214
260,261	215
262	216
263,264	217
265,266	218
267	219
268	220
269	221
270	222
271,272	223
273	224
274	225
275	226
276,277	227
278	228
279	229,230
280	231,232
281	233
282	234
283	235
284	236
285,286	237
287	238
288	239
289,290	240
291	241
292	242
293,294	243
295	244
296	245
297,300	246
301,304	247
305,308	248
309,310	249
-1	250
-1	251
-1	252
-1	253
-1	254
-1	255
-1	256
-1	257
-1	258
-1	259
-1	260
-1	261
-1	262
-1	263
-1	264
-1	265
-1	266
-1	267
-1	268
-1	269
-1	270
-1	271
-1	272
-1	273
-1	274
-1	275
-1	276
-1	277
-1	278
-1	279
-1	280
-1	281
-1	282
-1	283
-1	284
-1	285
-1	286
-1	287
-1	288
311	289,290
312	291,292
313	293
314	294,295
315	296
316	-1
317,320	297
321	298
322	299
-1	300
-1	301
-1	302
323	303
324,325	304
326	305,307
327	308
328	309
329	310
330,332	311
333	312
334	313,314
335	315,316
336	317
337	318
338,341	319
342,343	320,321
344,345	322
346	323
347,350	324
351,354	325
355	326
356	327
357	328
358	329,330
359,360	331
361,363	332
364	333
365	334
366,367	335
368	336
369	337
370,372	338
373,374	339,340
375,376	341
377	342
378	343
379	344
380	345,346
381,382	347
383,384	348
385	349
386,387	350
388	351
389	352
390,391	353
392,393	354,355
394	356
395	357,358
396	359
397	360
398	361
399,400	362
401	363
402	364
403	365
404	366
405,406	367
407	368
408,409	369
410	370
411	371
412	372,373
413	374
414	375,376
415	377
416	378
417	379
418	380
419	381,382
420,421	383
422	384
423	385,387
424,425	388
426	389
427	390
428	391
429	392
430,431	393
432	394
433	395
434	396
435	397
436,437	398,399
438	400
439	401,403
440	404,405
441	406
442,443	407
444	408
445	409,410
446,447	411
448,449	412
450	-1
451	413
452	414
453	415
454,455	416
456	417
457	418
458	419,420
459,460	421,422
461,463	423
464	424,425
465,466	426,427
467	428
468,470	429
471	430,431
472,474	432
475	433,434
476,477	435
478	436
479,481	437
482	438
483,484	439,440
485	441
486	442
487	443
488,489	444
490,491	445
492,493	446,448
494	449,450
495	451
496,497	452,453
498,500	454
501	455,456
502	457
503	458
504	459
505	460,461
506	462,463
507	464,465
508,509	466
510	467
511	468
512	469
513	470
514	471
515	472
516	473
517	474
-1	475
-1	476
-1	477
-1	478
-1	479
-1	480
-1	481
518	482
519	483,484
520,521	485
522	486,487
523	488,489
524	490
525	491
526	492
527	493
528,529	494
530	495,496
531	497
532,533	498,499
534	500
535	501
536,537	502,504
538	505
539	506,507
540,541	508
542	509
543	510
544	511
545	512,513
546	514
547	515
548	516
549	517,518
550	519
551,552	520,521
553	522
554	523
555	-1
556,559	524
560,561	525,526
562,563	527
564	528
565,567	529
568,569	530
570	531,532
571,573	533,534
574	535
575	536
576	537,538
577,578	539,540
579	541,542
580,581	543
582	544
583	545,546
584	547
585,587	548
588	549,550
589	551
590,591	552
592	553
593	554,555
594	-1
595,598	556
599	557,560
600,601	561
602	562,563
603	564
604	565,567
605	568,569
606	570
607,608	571
609	572
610,611	573,574
-1	575
-1	576
-1	577
-1	578
-1	579
-1	580
-1	581
612	582,583
613	584
614	585
615	586
616	587
617	588
618	589,590
619	591,592
620	593,596
621,623	597
624	598
625	599
626	600
627,628	601
629,631	602,603
632	604
633	605,606
634	607
635	608
636	609
637	610,612
638	613
639,640	614,615
641	616,617
642	618
643,644	619
645	620
646,647	621,622
648	623,624
649	625
650	626
651	627
652	628,629
653	630,631
654	632,633
655	634
656	635
657,658	636,637
659	638,639
660	640,641
661,662	642
663,664	643
665	644
666,667	645,646
668	647
669	648
670	649,650
671	651
-1	652
672	653
673,674	654
675	655
676	656
677	657
678	658
679,681	659
682,683	660,661
-1	662
-1	663
-1	664
-1	665
-1	666
-1	667
-1	668
-1	669
-1	670
-1	671
-1	672
-1	673
-1	674
-1	675
-1	676
-1	677
-1	678
-1	679
-1	680
-1	681
-1	682
-1	683
-1	684
-1	685
-1	686
-1	687
684,685	688,689
686	690
687	691
688	692
689	693
690,691	694
692	695
693,694	696
695,697	697
698,699	698
700,701	699
702	700
703,704	701,702
705	703
706	704
707,708	705
709	706,708
710,711	709
712	710
713	711,712
714,716	713,714
717,718	715
719	716
720	717
721	718
722	719
723	720
724	721
725	722
726,727	723
728,730	724
731	725
732	726
733,734	727
735	728,729
-1	730
736	731
737	732
738	733
739	734,735
740	736
741,742	737
743	738
744	739
745	740,741
746	742
747	743
748,749	744
750	745
751	746,747
752	748
753	749
754	750,752
755	753
756	754,755
757	756
758,761	757
762,763	758,759
764	760
765	761
766,767	762
768	763
769	764
770	765
771,772	766
773	767
774,775	768
776,777	769
778,779	770
780	771
781	772
782	773
783,784	774,775
785	776
786,787	777,778
788	779
789	780
