0,2	0
3,6	1
7,8	2,3
9,10	4
11	5
12	6
13,14	7,8
15	9
16	10
17,18	11
19	12,13
20	14,15
21,22	16,17
23,24	18
25	19
26	20,21
27	22
28	23
29	24
30	25
31	26
32	27
33	28
34	29
35	30
36	31,32
37	33
38,39	34,35
40	36
41	37
-1	38
42	39
43	40,41
44,45	42
46	43
47	44
48	45
49	46
50,51	47
52	48
53	49,50
54	51
55,56	52,53
57	54
58	55
59	56,57
60,62	58
63	59
64,65	60
66	61
67,68	62
69	63
70	64,65
71	66
72,73	67,68
74	69
75	70,71
76	72
77	73
78	74
79	75
80,82	76
83,85	77
86	78
87	79,80
88	81
89	82,83
90	84
91	85
92	86
93,94	87,88
95	89
96	90
97	91
98	92
99,100	93
101	94
102	95,96
103	97
104,105	98
106,107	99
108	100
109	101,102
110	103
111	104
112	105
113	106
114	107
115	108,109
116,117	110
118	111
119,121	112
122	113
123,124	114,115
125	116
126	117
127	118,119
128	120,122
129	123
130	124
131	125
132,134	126
135,136	127,128
137	129
138	130
139,140	131
141	132,134
142	135
143	136,137
144	138
145	139,140
146	141,143
147	144
148	145
149	146
150	147
151	148
152	149
153,154	150
155	151
156	152
157	153
158	154
159	155
160	156
161	157,158
162	159
163	160
164	161
165	162
166	163
167	164
168	165
169	166,167
170	168
171	169
172,173	170,171
174,175	172
176	173,174
177	175
178	176
179	177
180	178
181	179
182	180
183	181
184,185	182
186,187	183
188	184,185
189	186,187
190	188
191	189
192,193	190
194	191
195	192,193
196	194
197,198	195,196
199	197
200,201	198
202,203	199
204	200,202
205	203
206	204,205
207,209	206
210	207
211,212	208
213	209
214,215	210
216	211
217	212,213
218	214
219	215
220	216
221,222	217,218
223	219
224,225	220
226	221
227,228	222
229	-1
230	223
231	224
232,233	225
234,235	226,227
236	228
237	229,230
238	231
239	232
240,241	233
242	234
243,245	235
246,247	236
248	237,238
249	239
250,251	240
252	241
253	242
254,255	243
256,257	244,245
258	246,247
259	248,249
260	250
261	251
262	252
263	253
264	254
265,267	255
268	256
269	257
270	258,260
271	261
272	262,263
273	264
274	265
275	266
276	267
277	268
278	269
279	270
280	271,273
281	274
282	275
283,284	276,278
285	279
286	280
287	281,282
288	283,284
289	285,287
290	288
291	289
292	290
293	291,292
294,295	293,294
296	295
297,298	296
299	297
300	298
301,302	299
303	300
304,305	301,302
306	303
307,310	304
311,312	305
313	306,307
314	308
315,317	309
318	310
319	311
320	312
321	313
322	314
323	315
324	316
325,326	317
327,328	318
329	319
330	320
331	321
332	322
333	323
334	324,325
335	326
336,337	327
338,339	328,330
340	331
341,344	332
345	333,334
346	335
347	336,338
348,349	339,340
350,351	341,342
352	343
353	344,345
354	346
355	347
356	348
357	349
358	350
359,360	351
361,362	352
363	353
364,365	354,356
366,367	357,358
368	359
369	360
370	361,362
371,372	363
373,374	364,365
375	366
376	367
377	368
378	369
379	370
380	371
381	372
382	373,374
383	375
384	376
385	377
386	378
387	379
388	380
389,391	381
392	382
393	383
394	384
395	385
396,397	386
398,399	387
400,401	388
402,404	389
405,408	390
409	391
410	392
411	393
412,413	394
414,417	395
418	396,397
419	398
420	399
421	400
422,423	401
424	402
425	403
426	404
427,428	405
429	406
430	407,408
431	409
432	-1
433	410
434,436	411
437	412
438	413
439	414
440,441	415
442	416
443	417
444,445	418
446	419
447	420,421
448	422
449	423
450,452	424
453,454	425
455	426
456	427,428
457,458	429
459	430
460,461	431
462	432,433
463,465	434
466,467	435
468	436
469	437
470,471	438
472,473	439,440
474	-1
475	-1
476,479	441
480,481	442
482,484	443,444
485	445
486	446
487	447
488	448
489	449
490	450
491	451
492	452
493,494	453
495	454
496	455
497,500	456
501,502	457
503	458
504,505	459
506,507	460,462
508	463
509,510	464,465
511,513	466
514,515	467,468
516	469
517	470
518,519	471,473
520	474
521	475,477
522	478
523,524	479
525	480
526	481
527,528	482
529	483
530,531	484
532	485
533	486
534,537	487
538	488
539,540	489
541	490
542,544	491
545	492
546,547	493
548	494
549	495
550	496
551	497,498
552	499
553,554	500
555	501,502
556,557	503,504
558,559	505
560	506
561,562	507
563	508
564	509
565	510
566	511
567	512
568,569	513
570,571	514
572	515
573	516
574,576	517
577	518
578	519
579	520,521
580	522
581	523
582	524,525
583	526
584,587	527
588	528,529
589	530
590	531
591	532
592	533
593	534
594	535
595	536
596	537
597	538
598	539
599	540
600	541
601	542
602,603	543
604	544
605	545
606,607	546
608,609	547
610,612	548,549
613	550
614	551
615	552
616	553
617	554
618	555
619	556
620,621	557
622	558
623	559
624,625	560
626	561
627	562
628,629	563,564
630	565
631,632	566
633	567
634,635	568,569
636	570
637,639	571,572
640,641	573
642	574,575
643	576
644,645	577,578
646	579
647	580
648	581,582
649	583
650	584
651	585,586
652,653	587
654,656	588,589
657,658	590
659,661	591
662	592,593
663	594
664	595,596
665	597,598
666	599,600
667,670	601
671,672	602
673,674	603,605
675,676	606
677,678	607
679	608,609
680	610
681	611
682	612
683,684	613
685	614
686	615
687	616
688	617
689	618
690	619
-1	620
691	621
692,694	622
695	623
696	-1
697	-1
698	-1
699	-1
700	-1
701	-1
702	-1
703	-1
704,706	624,625
707	626
708,710	627,628
711,712	629
713	630
714	631
715	632,633
716	634
717	635
718	636
719	637
720	638
721	639,640
722,723	641,642
724	643
725	644
726	645
727,728	646
729	647
730	648,649
731	650
732	651,652
733	653
734	654,655
735	656
736	657
737	658
738	659
739,741	660
742	661
743	662,664
744	665
745	666,667
746	668
747,748	669
749,751	670
752	671
753,754	672
755,756	673,675
757	676
758	677
759	678
760	679
761	680,681
762,763	682,684
764	685
765,766	686
767	687
768	688,689
769	690
770	691
771	692
772	693
773,774	694
775	695
776	696
777,778	697,698
779,780	699
781	-1
782	700
783,784	701
785	702
786,787	703
788,789	704
790,791	705
792,794	706
795	707,708
796,797	709
798	710,711
799	712
800	713,714
801	715
802	716
803	717
804,805	718
806	719
807,808	720,722
809	723
810,811	724
812,813	725,727
814	728
815	729
816	730
817	731,732
818	733
819	734
820	735
821	736
822	737
823	738
824	739,740
825	741
826	742
827	743
828	744
829	745,746
830	747
831	748,749
832	750
833	751
834	752
835	753
836	754,755
837	756
838	757
839	758
840	759
841	760,761
842	762
843,844	763,764
845	765
846,847	766
848	767
849	768
850	769
851	770
852	771
853	772
854	773
855	774,775
856,857	776
858	777
859	778,779
860	780,781
861	782
862	783
863	784
864,865	785
866	786
867	787
868,869	788,789
870	790,791
871	792,793
872,873	794
874	795
875	796
876	797
877,878	798
879	799
880	800
881	801
882,883	802
884	803
885	804
886	805
887,888	806,807
889	808
890	809
891	810
892	811
893,896	812
897	813,814
898,899	815
900	816
901,902	817
903,904	818
905	819,820
906	821
907	822,824
908	825,826
909	827
910	828
911	829,830
912,914	831
915	832,833
916,917	834
918	835
919	836
920	837
921	838
922	839
923	840
924,925	841
926	842
927	843
928	844
929	845
930	846
931	847
932	-1
933	848
934	849
935	850,852
936	853,854
937,938	855,856
939	857
940	858,860
941	861
942	862
943	863,865
944	866,867
945	868
946	869
947	870
948	871
949	872
950	873
951	874
952	875
953	876
954	877
955,956	878
957	879
958	880
959	881
960	882
961	883
962	884,885
963	886,887
964	888
965	889
966	890,892
967,968	893
969	894
970,971	895
972	896
973	897
974	898
975	899
976,977	900,901
978	902
979	903,904
980	905,906
981,982	907
