0	0,1
1	2
2	3
3	4
4	5
5	6
6	7
7	8
8	9
9	10
-1	11
-1	12
10	13
11	14
12	15
13	16
14	17
15	18
16	19
17	20,21
18	22
19	23
20	24
21	25
22	26
23	27
24	28
25	29
26	30
27	31
28	32
29	33
30	34
31	35
32	36
33	37
34	38
35	39
36	40
37	41
38	42
-1	43
-1	44
39	45
40	46
41	47
42	48
43	49
44	50
45	51
46	52
47	53
48	54
49	55
50	56,57
51	58
52	59
53	60
54	61
-1	62
55	63
56	64
57	65
58	66
59	67
60	68
61	69
62	70
63	71
64	72
65	73
66	74
-1	75
67	76,77
68	78
69	79
70	80
71	81
72	82
73	83
74	84
75	85
76	86
77	87
78	88
79	89
-1	90
80	91,92
81	93
82,83	94
84	95,96
85	97
86	98
87	99
88	100
89	101,102
90	103
91	104
92	105
93	106
94	107
95	108
96	109
97	110
98	111
99	112
100	113
101	114
102	115
103	116
104	117
105	118
106	119
107	120
-1	121
108	122
109	123
110	124
111	125
112	126
113	127
114	128
115	129
116	130
117	131
118,119	132
120	133
121	134
122	135
123	136
124	137
125	138
126	139
127	140
128	141
129,130	142
131	143
132	144
133	145
-1	146
134	147,148
135	149
136	150
137	151
138	152
139	153
140,141	154
142	155
143	156
144	157
145	158
146	159
147	160
148	161
149	162
150	163
151	164
152	165
153	166
154	167
155	168
156	169
157,158	170
159	171
160	172
161	173
162	174
163	175
164,165	176
166	177
167	178
168	179
169	180
170	181
171	182
172	183
173	184
174	185
175	186
176	187
177	188
-1	189
178	190,191
179	192
180	193
181	194
182	195
183	196
184	197
185	198
186	199
187	200
188	201
189	202
190	203
191	204,206
192,193	207
194	208
195	209
196	210
197	211
198	212
199	213
200	214
-1	215
201	216,217
202	218
203,204	219
205	220
206	221
-1	222
207	223
208	224
209,210	225,226
211	227
212	228
213,214	229
215	230
216	231
217	232
218	233
219	234
220	235
221	236
222	237
223,224	238
225	239
226	240
227	241,242
228,229	243
230	244
231	245
232	246
233	247
234	248
235	249
236	250
237	251
238	252
239	253
240	254
241	255
242	256
243	257
244	258
245	259
246	260
247	261
248	262
249	263
250	264
-1	265
251	266
252,253	267
254	268,269
255	270
256	271
257	272
258,259	273
260	274
261	275
262	276
263	277
264	278
265	279
266	280
267	281
268	282
269,270	283
271	284
272	285
273	286
274,276	287
-1	288
277	289
278	290
279	291
280	292,293
281	294
282	295
283	296
284,285	297
286	298
287	299
-1	300
288	301,302
289	303
290	304
291	305
292	306
293	307
294	308
295	309
296	310
297	311
298	312
299	313
300	314
301,302	315
303	316
304	317
305	318
306	319
307	320
308	321
309	322
310	323
311,312	324
313	325
314	326
315,316	327
317	328
318	329
319	330
320	331
321,322	332
323	333
324	334
325	335
326	336
327	337
328	338
329	339
330	340
331	341
332	342
333	343
334	344
-1	345
335	346
336	347
337	348
338	349
339	350
340	351,352
341	353
342	354,355
343,344	356,357
345	358
346	359
347	360
348	361
349	362
350	363
351,352	364
353	365
354	366
355	367
356	368
357,358	369
359	370
360	371,372
361	373
362	374
363	375
364	376
365	377,378
366	379
367	380
368	381
369	382
370	383
371	384
372	385
373	386
374,375	387
376	388
377	389
378,379	390
-1	391
380	392
381	393
382	394
383	395,396
384	397
385	398
386	399
387	400
388	401
389	402
390	403
391	404
392	405
393	406
394	407
395	408
396,397	409
398	410
399	411
400	412
401	413
402	414
403	415
404,405	416
406	417
407	418
408	419
409	420
-1	421
410	422
411	423
412	424
413	425
414	426
415	427
416	428
417	429
418	430
419	431
420	432
421	433
422	434
423	435
424	436
425	437
426	438
427	439
428	440
429	441
430	442
431	443
432	444
433	445
434	446,447
435	448
436	449
437,438	450
439	451
440	452
-1	453
441	454,455
442	456
443	457
444,445	458
446	459
447	460
-1	461
448	462,463
449	464
450	465
451	466
452	467
453	468
454	469
455	470
456,457	471,472
458	473
459,460	474
461	475
-1	476
462,463	477
464	478
465	479
466	480
467	481
468	482
469,470	483
471	484
472	485,486
473	487
474	488
475	489
476	490
477	491
478	492
479	493
480	494
481	495
482	496
483	497
484	498
485	499
486	500
487,488	501
489	502,503
490	504
491	505
492	506
493	507
-1	508
494,495	509,510
496	511
497,498	512
499,501	513
502,503	514
504	515
505	516
506	517
507	518,519
508	520
509	521
510	522
511	523
512	524
513	525
514	526,527
515	528
516	529,530
517	531
518	532
519	533
520,521	534
522	535,536
523	537
524	538
525	539
526	540
527	541
528	542
529	543
530	544
531	545
532	546
533	547
534	548
535	549
536,537	550
-1	551
538	552
539	553
540	554
541	555
542	556
543	557
544	558
545	559
546	560
547,548	561
549	562
550	563
551,552	564
553,554	565
-1	566
555	567
556	568
557	569
558	570
559	571
560	572
561	573
562	574,575
563	576
564	577
565	578
566	579
567	580
568	581
569	582
570	583
571,572	584
573	585
574,575	586
576	587
577,578	588
579	589
580	590
581	591
582	592
-1	593
583	594
584	595
585	596
586	597
587	598
588	599
589,590	600
591	601
592	602
593	603
594	604
-1	605
595	606
596	607
597	608
598	609
599	610
600	611
601	612
-1	613
602	614
603	615
604	616
605	617
606,607	618
608	619
609	620
610	621
611	622
612	623,624
613	625
614	626
615,616	627,628
617	629,630
618	631
619	632
620	633
-1	634
621	635
622	636
623	637
624	638
625	639
626	640
627	641
628	642
629	643
-1	644
630	645
631	646
632	647
633	648
634	649
635	650
636	651
637	652
638	653
639	654
640	655
641	656
642	657
643	658
644	659
645	660
646	661
-1	662
647	663
648	664
649	665
650	666
651	667
652	668
653	669
-1	670
654	671
655	672
656	673
657	674
658	675
659	676
660	677
661	678
662,663	679
664	680,681
665	682
666	683
667	684
668	685
669	686
670	687
671	688
672	689
673	690
674	691
675	692
-1	693
676	694
677	695
678	696
679	697
680	698,699
681	700
682	701
683	702
684	703
685	704
686	705
687	706
688	707
689	708
690	709
691	710
692	711
693	712
694	713
695,696	714
697	715
698	716
699	717
700	718
701	719
702	720
703	721
704,705	722
706	723
707	724
-1	725
708	726
709	727
710,711	728
712	729
713	730
714	731
715	732
716	733
717	734
718	735
-1	736
719	737
720	738
721	739
722	740
723	741
724	742
725	743
726	744
727	745
728	746
729	747
730	748
731	749
732	750
-1	751
733	752
734	753
735	754
736	755
737	756
738	757
739	758
740	759
741	760
742	761
743	762,763
744,745	764,765
746	766
747	767
748	768
749	769
750	770
-1	771
751	772
752	773
753	774
754	775
755	776,777
756	778
757	779
758	780
759	781
760,761	782
762	783
763,764	784
765	785
766	786
767	787
768	788
769	789
770	790,791
771,772	792,793
773,774	794
775	795
776	796
777	797
778	798
779,780	799
781	800
782	801
783	802
784	803
785	804
786	805
787	806
788,789	807
790	808
791	809
-1	810
792	811
793	812
794	813
795	814
796	815
797	816
798	817
799	818
800	819
801	820
802	821
803	822
804	823
805	824
806	825
807	826
808	827
809	828
810	829
811	830
812	831
813	832
814	833
815	834
816	835
-1	836
817	837
818	838
819	839
820,821	840
822	841
823	842
824	843
825	844
826	845
827	846
-1	847
828	848
829	849
830	850
831	851
832	852
833,834	853
835	854
836,837	855
838	856
839,840	857
841	858
842	859
843	860
844,845	861
846	862
847	863
848	864
849	865
850	866
851	867
852	868
853	869
854	870
855	871
856	872
857	873
858	874
-1	875
859	876
860	877
861,862	878
863,864	879
865	880
866	881
867	882,883
868	884
869	885
870	886
-1	887
871	888
872	889
873	890
874	891
-1	892
875	893
876	894,895
877	896
878	897
879	898
880	899
881	900
882,884	901
885	902,903
886	904
887	905
888	906
889,890	907
891	908
892,894	909
895	910
896,897	911
898	912
899	913
900	914
901	915
902,904	916
905	917
906,907	918
908	-1
909	919
910	920
911	921
912	922
913	923
914	924,925
915	926,927
916	928
917	929
918,919	930
920	931
921	932
922,923	933,934
924,925	935
926	936
927	937
928,929	938
930	939
931	940
932	941
-1	942
933	943
934	944
935	945
936	946
937	947
938	948,949
939	950
940	951
941	952
942	953
943	954
944	955
945	956
946	957
947	958,959
948	960
949	961
950	962
951	963
952	964
953	965
954	966
955	967
956	968
957	969
958	970
959	971
960	972
961	973
962	974
963	975
964	976
965	977
966	978
967	979,980
968	981
969	982
970	983
971	984
972	985
973	986
974	987
975	988
976	989
977	990
978	991
979	992
980	993
981	994
982,983	995
984	996
985	997
986	998
987	999
988	1000,1001
989	1002
990	1003
991	1004
992	1005
993,994	1006,1007
995	1008
996,997	1009,1010
998	1011
999	1012
1000	1013
1001	1014,1015
1002	1016
-1	1017
1003	1018,1019
1004	1020
1005	1021
1006,1007	1022
1008,1010	1023
1011	1024
1012	1025
1013	1026
1014	1027
1015	1028
1016	1029,1030
1017,1018	1031
1019	1032
1020,1021	1033
1022	1034
1023	1035
1024	1036
1025	1037
1026	1038
1027	1039
1028	1040,1041
1029	1042
1030	1043
1031	1044
1032	1045
1033	1046
1034,1035	1047
1036	1048
1037	1049
1038	1050
1039	1051
1040	1052
1041	1053
1042	1054
-1	1055
1043	1056
1044	1057
1045,1046	1058,1059
1047	1060
1048	1061
1049	1062
1050	1063
1051	1064
1052	1065
1053	1066
1054	1067
1055	1068
1056	1069
1057	1070
1058	1071
1059	1072
1060	1073
1061	1074
1062	1075
1063	1076
1064	1077
1065	1078
1066	1079
1067	1080
1068	1081
1069	1082
1070	1083
1071	1084
1072	1085
1073	1086
1074	1087
1075	1088
1076	1089
1077	1090
1078	1091
1079	1092
1080	1093
1081	1094
1082	1095
1083	1096
1084	1097
1085	1098
1086	1099
1087	1100
1088	1101
1089	1102
1090	1103
1091	1104
1092	1105
1093	1106
1094	1107
1095,1096	1108
1097	1109
1098	1110
1099	1111
1100	1112
1101	1113
1102	1114
1103	1115
1104	1116
1105,1106	1117
1107	1118
1108	1119,1120
1109	1121
1110	1122,1124
1111	1125
1112	1126
1113	1127
-1	1128
1114	1129
1115	1130
1116	1131
1117	1132
1118	1133
1119	1134
1120	1135
1121	1136
1122	1137
1123	1138
1124	1139
1125,1126	1140,1142
1127	1143
1128	1144
1129	1145
1130	1146
1131	1147
1132	1148
1133	1149
1134,1135	1150
1136	1151
1137	1152
1138	1153,1154
1139	1155
1140	1156
1141	1157
1142	1158
1143	1159
1144	1160
1145	1161
1146	1162
1147	1163
1148	1164
1149	1165
1150	1166
1151	1167
1152	1168
1153	1169
1154	1170
1155	1171
-1	1172
1156	1173
1157	1174
1158	1175
1159	1176
1160	1177
1161	1178
1162	1179
1163	1180,1181
1164	1182
1165	1183
1166	1184
1167	1185
1168	1186
1169	1187
1170	1188
1171	1189
1172	1190
1173	1191
1174	1192
1175	1193
1176	1194
1177	1195
1178	1196
1179	1197
1180	1198
1181	1199
1182	1200
1183	1201
1184	1202
1185	1203
1186	1204
1187	1205,1206
1188	1207,1208
1189	1209
1190	1210
1191	1211
1192	1212
1193	1213
1194,1196	1214
1197	1215
1198	1216
1199	1217
1200	1218
1201,1202	1219
1203	1220
1204	1221
1205	1222
1206,1207	1223
1208	1224
1209	1225
1210	1226
1211	1227
1212,1213	1228
1214	1229
1215	1230
1216	1231
1217	1232
1218	1233
1219	1234
1220	1235
1221	1236
1222	1237
1223	-1
1224	-1
1225	-1
1226,1227	1238
1228	1239
1229	1240
1230	1241
1231	1242
1232	1243
1233	1244
1234	1245
1235	1246,1247
1236	1248
1237	1249
1238	1250
1239	1251,1252
1240	1253
-1	1254
1241	1255
1242	1256
1243	1257
1244	1258
1245	1259
1246	1260
1247	1261
1248	1262
1249,1250	1263
1251	1264
1252	1265
1253	1266
1254	1267
1255	1268
1256	1269
1257	1270
1258	1271
1259	1272,1273
1260	1274
1261	1275
1262	1276
1263	1277
1264	1278
1265	1279
1266	1280
1267	1281
1268,1269	1282
1270	1283
1271	1284
1272	1285
1273	1286
1274	1287
1275,1276	1288,1289
1277	1290
1278	1291
1279	1292,1293
1280	1294
1281	1295
1282	1296
1283	1297,1298
1284	1299
1285	1300
1286	1301,1302
1287	1303,1304
1288	1305
1289	1306
1290	1307
1291,1292	1308
1293	1309
-1	1310
1294,1295	1311
1296,1297	1312
1298	1313
1299	1314
1300	1315
1301	1316
1302	1317,1318
1303	1319
1304	1320
1305	1321
-1	1322
-1	1323
-1	1324
-1	1325
-1	1326
-1	1327
-1	1328
-1	1329
-1	1330
-1	1331
-1	1332
-1	1333
-1	1334
-1	1335
-1	1336
-1	1337
-1	1338
-1	1339
-1	1340
-1	1341
-1	1342
-1	1343
-1	1344
-1	1345
-1	1346
-1	1347
-1	1348
-1	1349
-1	1350
-1	1351
-1	1352
-1	1353
-1	1354
-1	1355
-1	1356
-1	1357
-1	1358
-1	1359
-1	1360
-1	1361
-1	1362
-1	1363
-1	1364
-1	1365
-1	1366
-1	1367
-1	1368
-1	1369
-1	1370
-1	1371
-1	1372
-1	1373
-1	1374
-1	1375
-1	1376
-1	1377
-1	1378
-1	1379
-1	1380
-1	1381
-1	1382
-1	1383
-1	1384
-1	1385
-1	1386
-1	1387
-1	1388
-1	1389
-1	1390
-1	1391
-1	1392
-1	1393
-1	1394
-1	1395
-1	1396
-1	1397
-1	1398
-1	1399
-1	1400
-1	1401
-1	1402
-1	1403
-1	1404
-1	1405
-1	1406
-1	1407
-1	1408
-1	1409
-1	1410
-1	1411
-1	1412
-1	1413
-1	1414
-1	1415
-1	1416
-1	1417
-1	1418
-1	1419
-1	1420
-1	1421
-1	1422
-1	1423
-1	1424
-1	1425
-1	1426
-1	1427
-1	1428
-1	1429
-1	1430
-1	1431
-1	1432
-1	1433
-1	1434
-1	1435
-1	1436
-1	1437
-1	1438
-1	1439
-1	1440
-1	1441
-1	1442
-1	1443
-1	1444
-1	1445
-1	1446
-1	1447
-1	1448
-1	1449
-1	1450
-1	1451
-1	1452
-1	1453
-1	1454
-1	1455
-1	1456
-1	1457
-1	1458
-1	1459
-1	1460
-1	1461
-1	1462
-1	1463
-1	1464
-1	1465
-1	1466
-1	1467
-1	1468
-1	1469
-1	1470
-1	1471
-1	1472
-1	1473
-1	1474
-1	1475
-1	1476
-1	1477
-1	1478
-1	1479
-1	1480
-1	1481
-1	1482
-1	1483
-1	1484
-1	1485
-1	1486
-1	1487
-1	1488
-1	1489
-1	1490
-1	1491
-1	1492
-1	1493
-1	1494
-1	1495
-1	1496
-1	1497
-1	1498
-1	1499
-1	1500
-1	1501
-1	1502
-1	1503
-1	1504
-1	1505
-1	1506
-1	1507
-1	1508
-1	1509
-1	1510
-1	1511
-1	1512
-1	1513
-1	1514
-1	1515
-1	1516
-1	1517
-1	1518
-1	1519
-1	1520
-1	1521
-1	1522
-1	1523
-1	1524
-1	1525
-1	1526
-1	1527
-1	1528
-1	1529
-1	1530
-1	1531
-1	1532
-1	1533
-1	1534
-1	1535
-1	1536
-1	1537
-1	1538
-1	1539
-1	1540
-1	1541
-1	1542
-1	1543
-1	1544
-1	1545
-1	1546
-1	1547
-1	1548
-1	1549
-1	1550
-1	1551
-1	1552
-1	1553
-1	1554
-1	1555
-1	1556
-1	1557
-1	1558
-1	1559
-1	1560
-1	1561
-1	1562
-1	1563
-1	1564
-1	1565
-1	1566
-1	1567
-1	1568
-1	1569
-1	1570
-1	1571
-1	1572
-1	1573
-1	1574
-1	1575
-1	1576
-1	1577
-1	1578
-1	1579
-1	1580
-1	1581
-1	1582
-1	1583
-1	1584
-1	1585
-1	1586
-1	1587
-1	1588
-1	1589
-1	1590
-1	1591
-1	1592
-1	1593
-1	1594
-1	1595
-1	1596
-1	1597
-1	1598
-1	1599
-1	1600
-1	1601
-1	1602
-1	1603
-1	1604
-1	1605
-1	1606
-1	1607
-1	1608
-1	1609
-1	1610
-1	1611
-1	1612
-1	1613
-1	1614
-1	1615
-1	1616
-1	1617
-1	1618
-1	1619
-1	1620
-1	1621
-1	1622
-1	1623
-1	1624
-1	1625
-1	1626
-1	1627
-1	1628
-1	1629
-1	1630
-1	1631
-1	1632
-1	1633
-1	1634
-1	1635
-1	1636
-1	1637
-1	1638
-1	1639
-1	1640
-1	1641
-1	1642
-1	1643
-1	1644
-1	1645
-1	1646
-1	1647
-1	1648
-1	1649
-1	1650
-1	1651
-1	1652
-1	1653
-1	1654
-1	1655
-1	1656
-1	1657
-1	1658
-1	1659
-1	1660
-1	1661
-1	1662
-1	1663
-1	1664
-1	1665
-1	1666
-1	1667
-1	1668
-1	1669
-1	1670
-1	1671
-1	1672
-1	1673
-1	1674
-1	1675
-1	1676
-1	1677
-1	1678
-1	1679
-1	1680
-1	1681
-1	1682
-1	1683
-1	1684
-1	1685
-1	1686
-1	1687
-1	1688
-1	1689
-1	1690
-1	1691
-1	1692
-1	1693
-1	1694
-1	1695
-1	1696
-1	1697
-1	1698
-1	1699
-1	1700
-1	1701
-1	1702
-1	1703
-1	1704
-1	1705
-1	1706
-1	1707
-1	1708
-1	1709
-1	1710
-1	1711
-1	1712
-1	1713
-1	1714
-1	1715
-1	1716
-1	1717
-1	1718
-1	1719
-1	1720
-1	1721
-1	1722
-1	1723
-1	1724
-1	1725
-1	1726
-1	1727
-1	1728
-1	1729
-1	1730
-1	1731
-1	1732
-1	1733
-1	1734
-1	1735
-1	1736
-1	1737
-1	1738
-1	1739
-1	1740
-1	1741
-1	1742
-1	1743
-1	1744
-1	1745
-1	1746
-1	1747
-1	1748
-1	1749
-1	1750
-1	1751
-1	1752
-1	1753
-1	1754
-1	1755
-1	1756
-1	1757
-1	1758
-1	1759
-1	1760
-1	1761
-1	1762
-1	1763
-1	1764
-1	1765
-1	1766
-1	1767
-1	1768
-1	1769
-1	1770
-1	1771
-1	1772
-1	1773
-1	1774
-1	1775
-1	1776
-1	1777
-1	1778
-1	1779
-1	1780
-1	1781
-1	1782
-1	1783
-1	1784
-1	1785
-1	1786
-1	1787
-1	1788
-1	1789
-1	1790
-1	1791
-1	1792
-1	1793
-1	1794
-1	1795
-1	1796
-1	1797
-1	1798
-1	1799
-1	1800
-1	1801
-1	1802
-1	1803
-1	1804
-1	1805
-1	1806
-1	1807
-1	1808
-1	1809
-1	1810
-1	1811
-1	1812
-1	1813
-1	1814
-1	1815
-1	1816
-1	1817
-1	1818
-1	1819
-1	1820
-1	1821
-1	1822
-1	1823
-1	1824
-1	1825
-1	1826
-1	1827
-1	1828
-1	1829
-1	1830
-1	1831
-1	1832
1306	1833
1307	1834
1308	1835
1309	1836
1310	1837
1311	1838
1312	1839
1313	1840
1314	1841
1315	1842
1316	1843
1317	1844
1318	1845
1319	1846
1320	1847
1321	1848
1322	1849,1850
1323	1851
1324	1852
1325	1853
1326	1854
1327	1855
1328	1856
1329	1857
1330	1858
1331,1332	1859
1333	1860,1861
1334	1862
1335,1336	1863
1337	1864
1338	1865
1339	1866
1340,1341	1867,1868
1342	1869
1343	1870,1871
1344	1872,1873
1345,1346	1874
1347	1875
1348	1876
1349,1350	1877,1878
1351	1879
1352	1880
1353	1881
1354	1882
1355	1883,1885
1356	1886,1887
1357,1358	1888
1359	1889
1360	1890
1361	1891
1362	1892,1893
1363	1894
1364	1895
1365	1896
1366	1897
1367	1898
1368	1899
1369	1900
1370	1901
1371	1902
1372	1903
1373	1904
1374	1905
1375	1906
1376	1907
1377	1908
1378	1909,1910
1379	1911,1913
1380	1914,1917
1381	1918,1921
1382	1922,1923
1383	1924,1926
1384,1385	1927
-1	1928
1386	1929
1387	1930,1931
1388	1932
1389	1933
1390	1934
1391,1392	1935
1393	1936
1394	1937
1395	1938
1396	1939
1397	1940
-1	1941
1398	1942,1943
1399	1944
1400	1945
1401	1946
1402	1947
1403	1948
1404	1949
1405	1950
1406	1951
1407	1952
1408	1953
1409	1954
1410	1955
1411	1956
1412	1957
1413	1958
1414	1959,1961
1415	1962
1416	1963
1417	1964
-1	1965
1418	1966
1419,1420	1967
1421	1968
1422	1969
1423	1970
1424	1971
1425	1972
1426	1973,1974
1427	1975
1428	1976,1977
1429	1978
1430	1979,1980
1431,1432	1981
1433	1982
1434	1983
1435	1984
1436	1985
1437	1986
1438	1987
1439	1988
1440,1441	1989
1442	1990
1443	1991
1444	1992,1993
1445	1994
1446	1995,1996
1447	1997,1998
1448	1999,2000
1449	2001
1450	2002
1451	2003
1452	2004,2005
1453	2006
