0,1	0
2,3	1
4	2
5,7	3
8	4
9,10	5
11	6
12	7
13,15	8
16	9
17	10
18	11
19,20	12
21	13
22	14
23	15
24,25	16
26	17
27,28	18
29	19
30	20
31	21
32	22
33	23
34	24
35	25
36	26
37,38	27
39,40	28
41	29
42	30
43,45	31
46	32
47	33
48	34
49,50	35
51	36
52	37,38
53	39
54	40
55	41
56	42
57	43
58,59	44
60	45
61	46
62	47
63	48
64,65	49
66	50,51
67	52,53
68,69	54,55
70,71	56
72	57
73	58
74	59
75	60,61
76	62
77	63
78,79	64
80	65
81	66
82	67
83	68
84	69
85	70
86,87	71
88	72
89	73
90,91	74
92,93	75
94	76
95	77
96	78
97	79
98	80
99	81
100,101	82
102	83
103	84
104	85
105	86
106	87
107,109	88
110	89
111	90
112	91
113	92
114,115	93,95
116,117	96,97
118	98
119	99
120	100
121	101
122	102
123,124	103
125	104
126	105
127,128	106
129,130	107
131	108
132	109,110
133	111
134,135	112
136,137	113
138	114
139	115
140,142	116
143	117
144,145	118
146	119
147	120
148,149	121
150	122
151	123,125
152	126,127
153,155	128
156,157	129
158	130
159	131
160	132
161,162	133
163	134
164,165	135
166	136
167	137
168	138
169	139
170	140
171	141
172	142
173,174	143
175	144,145
176,177	146
178	147
179	148
180	149
181	150
182	151,152
183	153
184	154,155
185	156
186	157
187	158
188	159
189	160
190	161
191	162
192	163
193	164
194	165
195,196	166
197	167
198	168
199,200	169,170
201	171
202,203	172
204	173,174
205,206	175
207,208	176
209	177
210	178
211	179
212	180,181
213	182,183
214,215	184
216,217	185,186
218	187
219	188
220	189
221	190,191
222,223	192
224	193
225	194
226	195
227	196
228	197
229	198
230	199
231,232	200,201
233	202
234	203
235	204
236	205
237	206
238	207
239	208
240,241	209,210
242	211
243	212
244	213
245,246	214
247,249	215
250	216
251	217
252	218
253	219,220
254	221
255	222
256,257	223,224
258	225
259	226
260,261	227
262,264	228
265	229
266	230
267	231
268	232
269	233
270	234
271	235
272	236
273,274	237
275	238
276	239
277,278	240
279	241,242
280	243,244
281	245,246
282	247
283	248,249
284	250
285,286	251
287	252
288	253
289,290	254
291	255
292	256,257
293	258
294	259,260
295	261
296	262
297	263
298,300	264
301	265
302	266
303	267
304,305	268
306	269
307	270
308	271
309,310	272
-1	273
-1	274
-1	275
-1	276
-1	277
-1	278
-1	279
-1	280
-1	281
-1	282
-1	283
-1	284
-1	285
-1	286
-1	287
-1	288
-1	289
-1	290
-1	291
-1	292
-1	293
-1	294
-1	295
-1	296
-1	297
-1	298
-1	299
-1	300
-1	301
-1	302
-1	303
-1	304
-1	305
-1	306
-1	307
-1	308
-1	309
-1	310
-1	311
-1	312
-1	313
-1	314
-1	315
-1	316
311	317
312	318
313	319
314	320,321
315	322
316	323
317,318	324
319	325
320	326
321	327
322	328
-1	329
-1	330
-1	331
-1	332
-1	333
323,324	334
325	335,336
326	337,338
327	339
328,329	340
330	341,342
331	343
332	344
333	345
334	346
335	347
336	348
337	349
338,339	350
340	351
341	352
342,343	353
344,345	354
346,347	355
348	356
349,350	357
351	358
352	359
353,354	360
355,356	361
357	362
358	363
359	364
360	365
361,363	366
364	367
365	368
366,367	369
368	370
369	371
370	372
371	373,375
372,373	376
374	377
375	378
376	379
377	380,381
378	382
379,380	383,385
381,382	386
383	387
384,385	388,389
386	390
387,388	391
389	392
390,391	393
392,393	394
394	395
395	396
396,397	397
398	398
399	399
400	400
401	401
402	402
403	403
404	404
405,406	405,406
407	407
408,409	408
410	409
411	410
412	411,413
413	414
414	415
415,416	416
417	417
418	418
419	419,420
420	421
421	422
422,423	423
424	424
425	425
426	426
427	427
428	428,429
429,431	430,431
432,433	432
434	433,434
435	435
436,437	436,437
438	438
439	439
440	440
441	441
442	442
443	443
444	444
445	445
446,447	446
448	447
449	448
450	449
451	450
452	451
453	452
454	453
455	454
456	455
457,458	456,458
459	459
460	460
461,462	461
463,464	462,463
465	464
466	465
467,469	466,467
470	468
471	469,470
472	471
473,474	472,473
475	474,476
476,477	477
478	478
479	479
480	480
481	481
482	482
483,484	483,484
485	485
486,487	486
488	487
489	488
490	489
491,492	490,491
493	492
494	493,494
495	495
496	496
497	497,498
498	499
499	500
500	501,502
501	503
502	504,506
503	507
504	508
505	509
506	510,511
507	512
508	513
509,510	514
511	515
512	516
513	517
514	518
515	519
516	520
517	521
-1	522
-1	523
-1	524
-1	525
-1	526
-1	527
-1	528
518,519	529,530
520	531
521	532
522	533
523,524	534
525,526	535,536
527	537
528	538
529	539
530	540
531,533	541,542
534	543
535,536	544
537	545
538,539	546
540,541	547
542,543	548
544	549
545	550
546,547	551
548	552
549	553
550	554
551,552	555
553,554	556
555,556	557
557	558
558,559	559
560	560
561	561,562
562	563
563	564
564	565
565	566
566,567	567
568	568
569	569
570,571	570
572	571
573	572
574,575	573
576	574
577,578	575
579	-1
580	576
581	577
582	578
583	579
584	580
585	581
586,587	582
588	583
589	584
590,591	585
592	586
593	587
594,596	588
597	589
598	590
599	591,593
600,602	594,595
603	596
604	597,598
605	599
606,607	600
608	601
609,611	602,603
-1	604
-1	605
-1	606
-1	607
-1	608
-1	609
612	610
613	611
614	612
615,616	613
617	614
618	615
619	616,617
620	618,619
621	620,621
622	622
623	623
624	624
625	625
626	626
627,628	627
629,631	628,629
632,633	630
634,635	631
636	632
637	633,635
638	636
639,641	637,638
642	639
643	640
644	641
645	642
646,647	643,644
648	645
649	646
650,651	647
652	648,649
653	650,651
654	652
655,657	653,654
658	655
659	656
660	657,658
661,662	659
663	660
664	661,662
665	663
666	664
667,668	665
669	666
670	667
671	668
-1	669
672	670
673	671
674	672
675	673
676,677	674,676
-1	677
678	678
679,680	679
681	680
682,683	681
-1	682
-1	683
-1	684
-1	685
-1	686
-1	687
-1	688
-1	689
-1	690
-1	691
-1	692
-1	693
-1	694
-1	695
-1	696
-1	697
684	698
685	699
686	700
687	701
688,689	702
690,691	703
692	704
693	705
694	706
695,696	707
697	708
698,699	709
700,701	710
702	711
703	712
704	713
705	714
706	715
707	716
708	717
709,710	718
711,712	719
713	720
714	721
715	722
716	723
717,718	724
719	725
720	726
721	727
722	728
723,724	729
725	730
726,728	731
729,730	732
731,732	733
733	734
734	735
735	736
736	737
737	738
738,739	739
740	740
741	741
742	742
743	743
744	744
745	745,747
746	748
747	749
748,749	750
750	751
751,752	752,753
753	754
754	755,756
755	757
756	758
757,759	759
760,761	760
762,763	761
764	762
765	763
766,767	764
768	765
769	766
770	767
771	768
772	769
773,775	770
776,777	771
778,779	772
780	773
781	774
782	775
783,784	776,777
785,786	778
787	779
788,789	780,781
