0	0,1
1	2
2	3
3	4
4	5
5	6
6	7
7	8
8	9
9	10
-1	11
-1	12
10	13
11	14
12	15
13	16
14	17
15	18
16	19
17	20
18	21
19	22
20	23
21	24
22	25
23	26
24	27
25	28
26	29
27	30
28	31
29	32
30	33
31	34
32	35
33	36
34	37
35	38
36	39
37	40
38	41
39	42
-1	43
-1	44
40	45
41	46
42	47
43	48
44	49
45	50
46	51
47	52
48	53
49	54
50	55
51	56,57
52	58
53	59
54	60
55	61
-1	62
56	63
57	64
58	65
59	66
60	67
61	68
62	69
63	70
64	71
65	72
66	73
67	74
-1	75
68	76,77
69	78
70	79
71	80
72	81
73	82
74	83
75	84
76	85
77	86
78	87
79	88
80	89
-1	90
81	91,92
82	93
83	94
84	95,96
85	97
86	98
87	99
88	100
89	101,102
90	103
91	104
92	105
93	106
94	107
95	108
96	109
97	110
98	111
99	112
100	113
101	114
102	115
103	116
104	117
105	118
106	119
107	120
-1	121
108	122
109	123
110	124
111	125
112	126
113	127
114	128
115	129
116	130
117	131
118,119	132
120	133
121	134
122	135
123	136
124	137
125	138
126	139
127	140
128	141
129	142
130	143
131	144
132	145
-1	146
133	147,148
134	149
135	150
136	151
137	152
138	153
139	154
140	155
141	156
142	157
143	158
144	159
145	160
146	161
147	162
148	163
149	164
150	165
151	166
152	167
153	168
154	169
155	170
156	171
157	172
158	173
159	174
160	175
161	176
162	177
163	178
164	179
165	180
166	181
167	182
168	183
169	184
170	185
171	186
172	187
173	188
-1	189
174	190,191
175	192
176	193
177	194
178	195
179	196
180	197
181	198
182	199
183	200
184	201
185	202
186	203
187	204,205
188	206
189	207
190	208
191	209
192	210
193	211
194	212
195	213
196	214
-1	215
197	216,217
198	218
199,200	219
201	220
202	221
-1	222
203	223
204	224
205	225
206,207	226
208	227
209	228
210	229
211	230
212	231
213	232
214	233
215	234
216	235
217	236
218	237
219,220	238
221	239
222	240
223	241,242
224	243
225	244
226	245
227	246
228	247
229	248
230	249
231	250
232	251
233	252
234	253
235	254
236	255
237	256
238	257
239	258
240	259
241	260
242	261
243	262
244	263
245	264
-1	265
246	266
247	267
248	268,269
249	270
250	271
251	272
252,253	273
254	274
255	275
256	276
257	277
258	278
259	279
260	280
261	281
262	282
263	283
264	284
265	285
266	286
267,268	287
-1	288
269	289
270	290
271	291
272	292,293
273	294
274	295
275	296
276	297
277	298
278	299
-1	300
279	301,302
280	303
281	304
282	305
283	306
284	307
285	308
286	309
287	310
288	311
289	312
290	313
291	314
292,293	315
294	316
295	317
296	318
297	319
298	320
299	321,322
300	323
301	324
302	325
303	326
304	327
305	328
306	329
307	330
308	331
309	332
310	333
311	334
312	335
313	336
314	337
315	338
316	339
317	340
318	341
319	342
320	343
321	344
-1	345
322	346
323	347
324	348
325	349
326	350
327	351,352
328	353
329	354
330	355
331	356
332	357
333	358
334	359
335	360
336	361
337	362
338	363
339	364
340	365
341	366
342	367
343	368
344	369
345	370
346	371,372
347	373
348	374
349	375
350	376
351	377,378
352	379
353	380
354	381
355	382
356	383
357	384
358	385
359	386
360	387
361	388
362	389
363	390
-1	391
364	392
365	393
366	394
367	395,396
368	397
369	398
370	399
371	400
372	401
373	402
374	403
375	404
376	405
377	406
378	407
379	408
380,381	409
382	410
383	411
384	412
385	413
386	414
387	415
388	416
389	417
390	418
391	419
392	420
-1	421
393	422
394	423
395	424
396	425
397	426
398	427
399	428
400	429
401	430
402	431
403	432
404	433
405	434
406	435
407	436
408	437
409	438
410	439
411	440
412	441
413	442
414	443
415	444
416	445
417	446
418	447
419	448
420	449
421	450
422	451
423	452
-1	453
424	454,455
425	456
426	457
427	458
428	459
429	460
-1	461
430	462,463
431	464
432	465
433	466
434	467
435	468
436	469
437	470
438	471,472
439	473
440	474
441	475
-1	476
442,443	477
444	478
445	479
446	480
447	481
448	482
449,450	483
451	484,485
452	486
453	487
454	488
455	489
456	490
457	491
458	492
459	493
460	494
461	495
462	496
463	497
464	498
465	499
466	500
467,468	501
469	502,503
470	504
471	505
472	506
473	507
-1	508
474,475	509,510
476	511
477,478	512
479,480	513
481,482	514
483	515
484	516
485	517
486	518,519
487	520
488	521
489	522
490	523
491	524
492	525
493	526,527
494	528
495	529,530
496	531
497	532
498	533
499,500	534
501	535,536
502	537
503	538
504	539
505	540
506	541
507	542
508	543
509	544
510	545
511	546
512	547
513	548
514	549
515	550
-1	551
516	552
517	553
518	554
519	555
520	556
521	557
522	558
523	559
524	560
525,526	561
527	562
528	563
529,530	564
531,532	565
-1	566
533	567
534	568
535	569
536	570
537	571
538	572
539	573
540	574,575
541	576
542	577
543	578
544	579
545	580
546	581
547	582
548	583
549,550	584
551	585
552,553	586
554	587
555,556	588
557	589
558	590
559	591
560	592
-1	593
561	594
562	595
563	596
564	597
565	598
566	599
567,568	600
569	601
570	602
571	603
572	604
-1	605
573	606
574	607
575	608
576	609
577	610
578	611
579	612
-1	613
580	614
581	615
582	616
583	617
584,585	618
586	619
587	620
588	621
589	622
590	623,624
591	625
592	626
593	627
594	628
595	629,630
596	631
597	632
598	633
-1	634
599	635
600	636
601	637
602	638
603	639
604	640
605	641
606	642
607	643
-1	644
608	645
609	646
610	647
611	648
612	649
613	650
614	651
615	652
616	653
617	654
618	655
619	656
620	657
621	658
622	659
623	660
624	661
-1	662
625	663
626	664
627	665
628	666
629	667
630	668
631	669
-1	670
632	671
633	672
634	673
635	674
636	675
637	676
638	677
639	678
640,641	679
642	680,681
643	682
644	683
645	684
646	685
647	686
648	687
649	688
650	689
651	690
652	691
653	692
-1	693
654	694
655	695
656	696
657	697
658	698
659	699
660	700
661	701
662	702
663	703
664	704
665	705
666	706
667	707
668	708
669	709
670	710
671	711
672	712
673	713
674,675	714
676	715
677	716
678	717
679	718
680	719
681	720
682	721
683,684	722
685	723
686	724
-1	725
687	726
688	727
689,690	728
691	729
692	730
693	731
694	732
695	733
696	734
697	735
-1	736
698	737
699	738
700	739
701	740
702	741
703	742
704	743
705	744
706	745
707	746
708	747
709	748
710	749
711	750
-1	751
712	752
713	753
714	754
715	755
716	756
717	757
718	758
719	759
720	760
721	761
722	762
723	763
724	764
725	765
726	766
727	767
728	768
729	769
730	770
-1	771
731	772
732	773
733	774
734	775
735	776,777
736	778
737	779
738	780
739	781
740,741	782
742	783
743,744	784
745	785
746	786
747	787
748	788
749	789
750	790
751	791
752	792
753	793
754,755	794
756	795
757	796
758	797
759	798
760,761	799
762	800
763	801
764	802
765	803
766	804
767	805
768	806
769	807
770	808
771	809
-1	810
772	811
773	812
774	813
775	814
776	815
777	816
778	817
779	818
780	819
781	820
782	821
783	822
784	823
785	824
786	825
787	826
788	827
789	828
790	829
791	830
792	831
793	832
794	833
795	834
796	835
-1	836
797	837
798	838
799	839
800,801	840
802	841
803	842
804	843
805	844
806	845
807	846
-1	847
808	848
809	849
810	850
811	851
812	852
813,814	853
815	854
816	855
817	856
818	857
819	858
820	859
821	860
822	861
823	862
824	863
825	864
826	865
827	866
828	867
829	868
830	869
831	870
832	871
833	872
834	873
835	874
-1	875
836	876
837	877
838,839	878
840	879
841	880
842	881
843	882
844	883
845	884
846	885
847	886
-1	887
848	888
849	889
850	890
851	891
-1	892
852	893
853	894,895
854	896
855	897
856	898
857	899
858	900
859,860	901
861	902
862	903
863	904
864	905
865	906
866,867	907
868	908
869,871	909
872	910
873,874	911
875	912
876	913
877	914
878	915
879,881	916
882	917
883,885	918
886	919
887	920
888	921
889	922
890	923
891	924,925
892	926,927
893	928
894	929
895	930
896	931
897	932
898	933
-1	934
899	935
900	936
901	937
902	938
903	939
904	940
905	941
-1	942
906	943
907	944
908	945
909	946
910	947
911	948,949
912	950
913	951
914	952
915	953
916	954
917	955
918	956
919	957
920	958,959
921	960
922	961
923	962
924	963
925	964
926	965
927	966
928	967
929	968
930	969
931	970
932	971
933	972
934	973
935	974
936	975
937	976
938	977
939	978
940	979
-1	980
941	981
942	982
943	983
944	984
945	985
946	986
947	987
948	988
949	989
950	990
951	991
952	992
953	993
954	994
955,956	995
957	996
958	997
959	998
960	999
961	1000,1001
962	1002
963	1003
964	1004
965	1005,1007
966	1008
967,968	1009,1010
969	1011
970	1012
971	1013
972	1014,1015
973	1016
-1	1017
974	1018,1019
975	1020
976	1021
977	1022
978	1023
979	1024,1025
980	1026
981	1027
982	1028
983	1029,1030
984,985	1031
986	1032
987	1033
988	1034
989	1035
990	1036
991	1037
992	1038
993	1039
994	1040,1041
995	1042
996	1043
997	1044
998	1045
999	1046
1000,1001	1047
1002	1048
1003	1049
1004	1050
1005	1051
1006	1052
1007	1053
1008	1054,1055
1009	1056
1010	1057
1011	1058
1012	1059
1013	1060
1014	1061
1015	1062
1016	1063
1017	1064
1018	1065
1019	1066
1020	1067
1021	1068
1022	1069
1023	1070
1024	1071
1025	1072
1026	1073
1027	1074
1028	1075
1029	1076
1030	1077
1031	1078
1032	1079
1033	1080
1034	1081
1035	1082
1036	1083
1037	1084
1038	1085
1039	1086
1040	1087
1041	1088
1042	1089
1043	1090
1044	1091
1045	1092
1046	1093
1047	1094
1048	1095
1049	1096
1050	1097
1051	1098
1052	1099
1053	1100
1054	1101
1055	1102
1056	1103
1057	1104
1058	1105
1059	1106
1060	1107
1061,1062	1108
1063	1109
1064	1110
1065	1111
1066	1112
1067	1113
1068	1114
1069	1115
1070	1116
1071	1117
1072	1118
-1	1119
1073	1120
1074	1121
1075	1122
1076	1123
1077	1124
1078	1125
1079	1126
1080	1127
-1	1128
1081	1129
1082	1130
1083	1131
1084	1132
1085	1133
1086	1134
1087	1135
1088	1136
1089	1137
1090	1138
1091	1139
1092	1140
1093	1141
-1	1142
1094	1143
1095	1144
1096	1145
1097	1146
1098	1147
1099	1148
1100	1149
1101,1102	1150
1103	1151
1104	1152
1105	1153
1106	1154
1107	1155
1108	1156
1109	1157
1110	1158
1111	1159
1112	1160
1113	1161
1114	1162
1115	1163
1116	1164
1117	1165
1118	1166
1119	1167
1120	1168
1121	1169
1122	1170
1123	1171
-1	1172
1124	1173
1125	1174
1126	1175
1127	1176
1128	1177
1129	1178
1130	1179
1131	1180,1181
1132	1182
1133	1183
1134	1184
1135	1185
1136	1186
1137	1187
1138	1188
1139	1189
1140	1190
1141	1191
1142	1192
1143	1193
1144	1194
1145	1195
1146	1196
1147	1197
1148	1198
1149	1199
1150	1200
1151	1201
1152	1202
1153	1203
1154	1204
1155	1205
1156	1206
1157	1207
1158	1208
1159	1209
1160	1210
1161	1211
1162	1212
1163	1213
1164,1165	1214
1166	1215
1167	1216
1168	1217
1169	1218
1170,1171	1219
1172	1220
1173	1221
1174	1222
1175,1176	1223
1177	1224
1178	1225
1179	1226
1180	1227
1181,1182	1228
1183	1229
1184	1230
1185	1231
1186	1232
1187	1233
1188	1234
1189	1235
1190	1236
1191	1237
1192	-1
1193	-1
1194	-1
1195	1238
1196	1239
1197	1240
1198	1241
1199	1242
1200	1243
1201	1244
1202	1245
1203	1246,1247
1204,1205	1248
1206	1249
1207	1250
1208	1251
1209	1252
1210	1253,1254
1211	1255
1212	1256
1213	1257
1214	1258
1215	1259
1216	1260
1217	1261
1218	1262
1219,1220	1263
1221	1264
1222	1265
1223	1266
1224	1267
1225	1268
1226	1269
1227	1270
1228	1271
1229	1272,1273
1230	1274
1231	1275
1232	1276
1233	1277
1234	1278
1235	1279
1236,1237	1280
1238	1281
1239,1240	1282
1241	1283
1242	1284
1243	1285
1244	1286
1245	1287
1246,1247	1288,1289
1248	1290
1249	1291
1250	1292,1293
1251	1294
1252	1295
1253	1296
1254	1297,1298
1255	1299
1256	1300
1257	1301
-1	1302
1258	1303,1304
1259	1305
1260	1306
1261	1307
1262	1308
-1	1309
1263	1310
1264	1311
1265,1266	1312
1267	1313
1268	1314
1269	1315
1270	1316
1271	1317,1318
1272	1319
1273	1320
1274	1321
1275	1322
1276	1323
1277	1324
1278	1325
1279	1326
1280	1327
1281	1328
1282	1329
1283	1330
1284	1331
1285	1332
1286	1333
1287	1334
1288	1335
1289	1336
1290	1337
1291	1338
1292	1339
1293	1340
1294	1341
1295	1342
1296	1343,1344
1297	1345
1298	1346
1299	1347
1300	1348
1301	1349
1302	1350
1303	1351
1304	1352,1353
1305	1354
1306	1355
1307	1356
1308	1357
1309	1358
1310	1359
1311	1360
1312	1361
1313	1362
1314	1363,1364
1315	1365,1366
1316	1367
1317	1368
1318	1369
1319	1370
1320	1371
1321	1372
1322	1373
1323	1374
1324	1375
1325	1376
1326	1377
1327	1378
1328	1379
1329	1380
1330	1381
1331	1382
1332	1383
1333	1384
1334	1385
1335	1386,1387
1336	1388,1389
1337	1390
1338	1391
1339	1392
1340	1393
1341	1394
1342	1395
1343	1396
1344	1397
1345	1398
1346	1399
1347	1400,1401
1348	1402
1349	1403
1350	1404
1351	1405
1352	1406
1353	1407
1354	1408
1355	1409
1356	1410
1357	1411
1358,1359	1412
1360	1413
1361	1414
1362	1415
1363	1416
1364	1417
1365	1418
1366	1419
1367	1420
1368	1421
1369	1422
1370	1423
1371	1424
1372	1425
1373	1426,1427
1374	1428
1375	1429
1376	1430
1377	1431
1378	1432
1379	1433
1380	1434
1381	1435
1382	1436,1437
1383	1438
1384	1439
1385	1440
1386	1441
1387	1442
1388	1443
1389	1444
1390	1445
1391	1446
1392	1447
1393	1448
1394	1449
1395	1450
1396	1451
1397	1452,1453
1398	1454
1399	1455
1400	1456
-1	1457
1401	1458
1402	1459
1403	1460
1404	1461
1405,1406	1462,1463
1407	1464
1408	1465
1409	1466
1410	1467
1411	1468
1412	1469,1470
1413	1471
1414	1472
1415	1473
1416	1474
1417	1475
1418	1476
1419	1477
1420	1478
1421	1479
1422	1480
1423	1481,1482
1424	1483
1425	1484
1426	1485
1427	1486
1428	1487
1429	1488
1430	1489
1431	1490
1432	1491
1433	1492
1434	1493
1435	1494
1436	1495,1496
1437	1497
1438	1498
1439	1499
1440	1500
1441	1501,1502
1442	1503
1443	1504,1505
1444	1506
1445	1507
1446	1508
1447	1509
1448	1510,1511
-1	1512
1449	1513
1450	1514
1451	1515
1452	1516
1453	1517
1454	1518
1455	1519
1456	1520,1521
1457	1522
1458	1523
1459	1524
1460	1525,1526
1461	1527
1462	1528
1463	1529
1464	1530
1465	1531
1466	1532
1467	1533
1468	1534
1469	1535
1470	1536
1471	1537
1472	1538
1473	1539
1474	1540
1475	1541
1476	1542
1477	1543
1478	1544
1479	1545
1480	1546
1481	1547
1482	1548
1483	1549
1484	1550,1551
1485	1552,1556
1486	1557,1558
1487	1559
1488	1560,1561
1489	1562,1563
1490	1564
1491	1565
1492	1566,1567
1493	1568
1494	1569
1495	1570
1496	1571
1497	1572
1498	1573
1499	1574
1500	1575,1576
1501	1577
1502	1578
1503	1579
1504	1580
1505	1581
1506	1582
1507	1583
1508	1584
1509	1585
1510	1586
1511	1587
1512	1588
1513	1589
1514	1590
1515	1591,1592
1516	1593
1517	1594
1518	1595
1519	1596
1520	1597
1521	1598
1522	1599
1523	1600
1524	1601
1525	1602
1526	1603
1527	1604
1528	1605
1529	1606
1530	1607
1531	1608
1532	1609
1533	1610
1534	1611
1535	1612,1613
1536	1614
1537	1615
1538	1616,1617
1539	1618
1540	1619,1620
1541	1621
1542	1622
1543	1623
1544	1624
1545	1625,1626
1546	1627
1547	1628
1548	1629
1549	1630
1550	1631
1551	1632,1633
1552	1634
1553	1635
1554	1636
1555	1637
1556	1638
1557	1639
1558	1640,1641
1559	1642
1560	1643
1561	1644
1562	1645
1563	1646,1647
1564	1648
1565	1649
1566	1650
1567	1651
1568	1652
1569	1653
1570	1654,1655
1571	1656
1572	1657
1573	1658
1574	1659
1575,1576	1660,1661
1577	1662
1578	1663
1579	1664
1580	1665
1581	1666,1667
1582	1668
1583	1669
1584	1670
1585	1671
1586	1672
1587	1673
1588	1674,1675
1589	1676,1677
1590	1678
1591	1679
1592	1680
1593	1681
1594	1682
1595	1683
1596	1684
1597	1685
1598	1686
1599	1687,1688
1600	1689
1601	1690
1602	1691,1692
1603	1693
1604	1694
1605	1695
1606	1696
1607	1697
1608	1698
1609	1699
1610	1700
1611	1701
1612	1702
1613	1703
1614	1704
1615	1705
1616	1706,1707
1617	1708,1709
1618	1710
1619	1711
1620	1712
1621	1713
1622	1714
1623	1715
1624	1716
1625	1717
1626	1718
1627	1719,1720
-1	1721
1628	1722,1723
1629	1724
1630	1725
1631	1726
1632	1727
1633	1728
1634	1729
1635	1730
1636	1731
1637	1732
1638	1733
1639	1734
1640	1735
1641	1736
1642	1737
1643	1738,1739
1644	1740
1645	1741
1646	1742
1647	1743
1648	1744
1649	1745
1650	1746
1651	1747
1652	1748
1653	1749
1654	1750
1655	1751
1656	1752
1657	1753
1658	1754
1659	1755
1660	1756,1757
1661	1758
1662	1759
1663	1760
1664	1761
1665	1762
1666	1763
1667	1764
1668	1765
1669	1766
1670	1767
1671	1768
1672	1769
1673	1770
1674	1771
1675	1772,1773
1676	1774,1775
1677	1776
1678	1777
1679	1778
1680	1779
1681	1780
1682	1781
1683	1782
1684	1783
1685	1784
1686	1785
1687	1786
1688	1787,1788
1689	1789,1790
1690	1791
1691	1792
1692	1793
1693	1794
1694	1795
1695	1796
1696	1797
1697	1798
1698	1799
1699	1800
1700	1801
1701	1802
1702	1803
1703	1804
1704	1805
1705	1806
1706	1807
1707	1808
1708	1809
1709	1810
1710	1811,1812
1711	1813
1712	1814
1713	1815
1714	1816,1817
1715	1818
1716	1819,1820
1717	1821
1718	1822
1719	1823
1720	1824
1721	1825
1722	1826
1723	1827
1724	1828
1725	1829
1726	1830
1727	1831,1832
1728	1833
1729	1834
1730	1835
1731	1836
1732	1837
1733	1838
1734	1839
1735	1840
1736	1841
1737	1842
1738	1843
1739	1844
1740	1845
1741	1846
1742	1847
1743	1848
1744	1849,1850
1745	1851
1746	1852
1747	1853
1748	1854
1749	1855
1750	1856
1751	1857
1752	1858
1753	1859
1754	1860,1861
1755	1862
1756,1757	1863
1758	1864
1759	1865
1760	1866
1761,1762	1867,1868
1763	1869
1764	1870,1871
1765	1872,1873
1766	1874
1767	1875
1768	1876
1769,1770	1877,1878
1771	1879
1772	1880
1773	1881
1774	1882
1775	1883,1885
1776	1886,1887
1777	1888
1778	1889
1779	1890
1780	1891
1781	1892,1893
1782	1894
1783	1895
1784	1896
1785	1897
1786	1898
1787	1899
1788	1900
1789	1901
1790	1902
1791	1903
1792	1904
1793	1905
1794	1906
1795	1907
1796	1908
1797	1909,1910
1798	1911,1913
1799	1914,1916
-1	1917
1800	1918,1921
1801	1922,1923
1802	1924,1926
1803	1927
-1	1928
1804	1929
1805	1930,1932
1806	1933
1807	1934
1808	1935
1809	1936
1810	1937
1811	1938
1812	1939
1813	1940
-1	1941
1814	1942,1943
1815	1944
1816	1945
1817	1946
1818	1947
1819	1948
1820	1949
1821	1950
1822	1951
1823	1952
1824	1953
1825	1954
1826	1955
1827	1956
1828	1957
1829	1958
1830	1959,1961
1831	1962
1832	1963
1833	1964,1965
1834	1966
1835	1967
1836	1968
1837	1969
1838	1970
1839	1971
1840	1972
1841	1973
1842	1974
1843	1975
1844	1976,1977
1845	1978
1846	1979,1980
1847	1981
1848	1982
1849	1983
1850	1984
1851	1985
1852	1986
1853	1987
1854	1988
1855	1989
1856	1990
1857	1991,1992
1858	1993
1859	1994
1860	1995
-1	1996
1861	1997,1998
1862	1999
1863	2000
1864	2001
1865	2002
1866	2003
1867	2004
1868	2005
1869	2006
