0,1	0
2,5	1
6,7	2,4
8,10	5,6
11	7,8
12,13	9
14	10
15	11
16	12
-1	13
17	14
18	15
19	16,17
20	18,19
21	20,21
22	22
23	23
24,25	24,25
26	26
27	27
28	28,29
29	30
30	31
31	32,35
32	36,37
33	38
34	39,40
35	41
36	42
37	43
38,39	44
40	45
41,42	46
-1	47
43	48
44	49
45	50
46	51
47,48	52,53
49	54
50	55
51	56,57
52,54	58,59
55,56	60
57	61,62
58	63
59	64
60	65
61	66
62	67,68
63	69,71
64	72,73
65,66	74
67,68	75,77
69	78
70	79,80
71	81
72,73	82
74	83,84
75	85
76	86
77,78	87,89
79	90
80,81	91
82	92
83	93
84	94,96
85	97,98
86,87	99,100
88	101,102
89,90	103
91	104,105
92	106,109
93	110,111
94,95	112
96	113
97	114,116
98,99	117,119
100	120,122
101	123,124
102	125
103,105	126
106,107	127
108	128
109	129
110,112	130
113	131
114	132,133
115	134,135
116	136,137
117	138
118,119	139
120	140
121	141,143
122	144
123	145
124	146
125	147
126	148
127,128	149,150
129	151,153
130	154,155
131,132	156
133	157
134	158
135	159
136	160
137	161,162
138	163
139	164
140,141	165
142	166,167
143	168,169
144	170
145	171
146,147	172
148	173
149	174
150	175,176
151	177
152	178
153	179
154	180,181
155,157	182
158,159	183
160	184
161	185
162	186
163	187
164	188
165	189
166,167	190
168	191
169	192,193
170,171	194,196
172,173	197
174	198
175,176	199
177	200
178,180	201,202
181	203,205
182,184	206,207
185,186	208
187	209,211
188	212,213
-1	214
189	215
190	216
191,192	217,218
193	219
194,195	220
196	221
197	222
198	223
199,200	224,225
201	226,227
202,203	228,230
204	231
205	232
206	233
207,208	234,235
209	236
210	237,238
211	239
212,214	240
215	241
216	242
217,218	243,244
219	245
220	246,247
221	248
222	249
223	250
224	251
225	252
226	253
227,228	254,255
229	256
230	257
231	258,259
232	260
233	261,262
234	263,264
235	265,266
236	267
237	268
238	269
239	270
240	271,273
241	274
242	275
243	276,278
-1	279
244	280
245	281,282
246	283,286
247	287,290
248	291,293
249	294
250	295,296
251	297
252,253	298
254	299,300
255	301,302
256,257	303
258,261	304
262	305
263	306
264	307
265	308
266,268	309
269,270	310
271	311
272	312
273	313
274	314
275	315
276	316
277,278	317
279,280	318
281	319
282	320
283	321
284	322,323
285	324
286,287	325,327
288	328,330
289,290	331
291,294	332
295,297	333,334
298	335
299	336,338
300	339,342
301	343,345
302	346
303	347
304	348,349
305	350
306,308	351
309,310	352
311	353,355
312,313	356,357
314,316	358
317	359
318	360
319,320	361,363
321	364,365
322	366
323	367
324	368,371
325	372,374
326	375
327	376
328	377
329,330	378
331	379,380
332,333	381
334	382
335,336	383,384
337	385
338,339	386,388
340,341	389
342	390
343	391
344	392
345	393
346	394
347,349	395
350,351	396,398
352	399
353	400
354,355	401
356	402
357,358	403
359	404
360	405
361	406
362,363	407,409
364	410
365,366	411
367	412,413
368	414
369,370	415
371	416
372	417
373	418
374	419
375	420
376	421
377	422
378	423
379,380	424
381,382	425
383	426,428
384,385	429
386,387	430
388	431
389,390	432,433
391,392	434
393	435
394	436
395	437
396	438
397	439,440
398,400	441
401,404	442
405,407	443
408,409	444,445
410	446
411	447
412	448,449
-1	450
413	451
414	452
415	453
416	454
417	455
418,419	456
420,422	457
423	458
424,425	459
426,427	460,462
428	463
429	464,465
430,431	466
432	467,470
433	471,472
434	473,474
435	475,477
436	478
437	479,480
438	481
439,440	482,483
441	484
442,443	485
444,445	486,487
446,447	488
448,450	489,490
451,452	491,492
453	493
454	494,497
-1	498
455	499
456	500,501
457	502,504
458	505
459	506
460,461	507
462	508
463	509
464,465	510
466	511,512
467	513
468	514
469	515
470	516
471	517
472	518
473	519,520
474	521
475	522,525
476	526
477,480	527
481	528,529
482	530
483	531
484	532
485	533
486,487	534,535
488,489	536
490,491	537,539
492	540
493	541
494	542,543
495,496	544
497	545
498,499	546
500	547
501,503	548,549
504	550,551
505	552
506,507	553
508	554
509	555
510	556
511,513	557
514	558
515	559
516	560
517,518	561
519	562
520,521	563,564
522	565
523,524	566,568
525	569,571
526	572
527	573,574
528	575
529	576,577
530	578,580
531,532	581
533	582,583
534,535	584
536	585,586
537,538	587
539	588
540,541	589
542,544	590,591
545	592
546	593
547	594,596
548	597,600
549,551	601
552	602
553,554	603,604
555	605
556	606,608
557	609
558,559	610
560	611,612
561	613
562	614
563	615
564	616
565	617
566,567	618
568	619
569	620
570	621
571,573	622
574	623
575	-1
576	-1
577	-1
578	-1
579	-1
580	-1
581	-1
582	624
583,584	625
585	626
586	627
587,588	628
589,590	629
591	630
592	631
593,594	632,634
595	635
596	636
597	637,640
598	641,642
599	643
600	644,645
601	646
602	647
603	648,649
604	650
605	651
606	652
607	653
608	654,655
609	656
610	657
611	658
612	659
613,616	660
617,618	661,663
619	664,665
620	666,667
621	668
622	669
623,626	670
627	671
628,629	672
630	673,674
631	675
632,633	676
634,635	677
636,637	678,680
638	681
639	682,684
640	685
641	686
642	687,689
643	690,692
644	693
645,646	694
647	695
648	696
649,651	697
652	698
653	699
654	700,701
655,656	702
657	703,704
658	705
659	706
660	707
661	708
662,663	709,710
664	711
665	712
666	713,714
667	715
668	716
669	717
670,672	718
673,674	719
675,676	720
677	721,722
678	723
679,680	724
681	725,726
682	727,728
683,684	729
685	730
686	731
687	732
688,689	733,735
690	736
691	737
692	738
693	739,740
694	741
695	742
696	743,744
697	745,747
698	748,749
699	750,751
700	752
701	753,754
702	755
703	756
704	757
705	758,759
706	760
707,708	761
709	762,763
710	764
711,712	765
713,714	766,768
715	769
716	770
717	771
718	772
719	773
720	774
721,722	775,776
723	777
724	778,779
725	780
726	781
727	782,783
728,730	784,785
731	786
732	787
733,734	788
735	789
736	790,791
737	792,793
738	794,795
739	796,797
740	798
741	799
742	800
743	801
744	802
745	803
746	804
747	805
748,749	806,807
750	808
751,752	809
753	810
754,755	811
756,757	812
758	813,814
759,761	815
762	816
763,764	817
765,766	818,820
767	821
768	822,824
769	825
770	826,827
771	828
772	829,830
773,775	831
776,777	832,833
778,779	834
780	835
781	836,837
782	838
783	839,840
784,785	841
786	842,843
787	844,845
788	846
789	847
790	848
791	849
792	850
793	851,852
794	853
795	854
796	855
797,798	856
799	857,860
800	861
801	862,864
802,803	865
804	866
805	867
806,808	868
809	869
810,811	870,871
812	872
813	873
814	874
815,816	875
817	-1
818,819	876
820	877
821,822	878
823	879
824	880
825	881
826	882
827	883
828	884,885
829,830	886
831	887
832,834	888,889
835	890,893
836	894
837,839	895
840	896
841,842	897,898
843	899,902
-1	903
-1	904
844	905
845	906
846	907
