0,1	0
2	1
3	2
4	3
5	4
6	5
7	6
8	7
9	8
10	9
11	-1
12	-1
13	10
14	11
15	12
16	13
17	14
18	15
19	16
20,21	17
22	18
23	19
24	20
25	21
26	22
27	23
28	24
29	25
30	26
31	27
32	28
33	29
34	30
35	31
36	32
37	33
38	34
39	35
40	36
41	37
42	38
43	-1
44	-1
45	39
46	40
47	41
48	42
49	43
50	44
51	45
52	46
53	47
54	48
55	49
56,57	50
58	51
59	52
60	53
61	54
62	-1
63	55
64	56
65	57
66	58
67	59
68	60
69	61
70	62
71	63
72	64
73	65
74	66
75	-1
76,77	67
78	68
79	69
80	70
81	71
82	72
83	73
84	74
85	75
86	76
87	77
88	78
89	79
90	-1
91,92	80
93	81
94	82,83
95,96	84
97	85
98	86
99	87
100	88
101,102	89
103	90
104	91
105	92
106	93
107	94
108	95
109	96
110	97
111	98
112	99
113	100
114	101
115	102
116	103
117	104
118	105
119	106
120	107
121	-1
122	108
123	109
124	110
125	111
126	112
127	113
128	114
129	115
130	116
131	117
132	118,119
133	120
134	121
135	122
136	123
137	124
138	125
139	126
140	127
141	128
142	129,130
143	131
144	132
145	133
146	-1
147,148	134
149	135
150	136
151	137
152	138
153	139
154	140,141
155	142
156	143
157	144
158	145
159	146
160	147
161	148
162	149
163	150
164	151
165	152
166	153
167	154
168	155
169	156
170	157,158
171	159
172	160
173	161
174	162
175	163
176	164,165
177	166
178	167
179	168
180	169
181	170
182	171
183	172
184	173
185	174
186	175
187	176
188	177
189	-1
190,191	178
192	179
193	180
194	181
195	182
196	183
197	184
198	185
199	186
200	187
201	188
202	189
203	190
204,206	191
207	192,193
208	194
209	195
210	196
211	197
212	198
213	199
214	200
215	-1
216,217	201
218	202
219	203,204
220	205
221	206
222	-1
223	207
224	208
225,226	209,210
227	211
228	212
229	213,214
230	215
231	216
232	217
233	218
234	219
235	220
236	221
237	222
238	223,224
239	225
240	226
241,242	227
243	228,229
244	230
245	231
246	232
247	233
248	234
249	235
250	236
251	237
252	238
253	239
254	240
255	241
256	242
257	243
258	244
259	245
260	246
261	247
262	248
263	249
264	250
265	-1
266	251
267	252,253
268,269	254
270	255
271	256
272	257
273	258,259
274	260
275	261
276	262
277	263
278	264
279	265
280	266
281	267
282	268
283	269,270
284	271
285	272
286	273
287	274,276
288	-1
289	277
290	278
291	279
292,293	280
294	281
295	282
296	283
297	284,285
298	286
299	287
300	-1
301,302	288
303	289
304	290
305	291
306	292
307	293
308	294
309	295
310	296
311	297
312	298
313	299
314	300
315	301,302
316	303
317	304
318	305
319	306
320	307
321	308
322	309
323	310
324	311,312
325	313
326	314
327	315,316
328	317
329	318
330	319
331	320
332	321,322
333	323
334	324
335	325
336	326
337	327
338	328
339	329
340	330
341	331
342	332
343	333
344	334
345	-1
346	335
347	336
348	337
349	338
350	339
351,352	340
353	341
354,355	342
356,357	343,344
358	345
359	346
360	347
361	348
362	349
363	350
364	351,352
365	353
366	354
367	355
368	356
369	357,358
370	359
371,372	360
373	361
374	362
375	363
376	364
377,378	365
379	366
380	367
381	368
382	369
383	370
384	371
385	372
386	373
387	374,375
388	376
389	377
390	378,379
391	-1
392	380
393	381
394	382
395,396	383
397	384
398	385
399	386
400	387
401	388
402	389
403	390
404	391
405	392
406	393
407	394
408	395
409	396,397
410	398
411	399
412	400
413	401
414	402
415	403
416	404,405
417	406
418	407
419	408
420	409
421	-1
422	410
423	411
424	412
425	413
426	414
427	415
428	416
429	417
430	418
431	419
432	420
433	421
434	422
435	423
436	424
437	425
438	426
439	427
440	428
441	429
442	430
443	431
444	432
445	433
446,447	434
448	435
449	436
450	437,438
451	439
452	440
453	-1
454,455	441
456	442
457	443
458	444,445
459	446
460	447
461	-1
462,463	448
464	449
465	450
466	451
467	452
468	453
469	454
470	455
471,472	456,457
473	458
474	459,460
475	461
476	-1
477	462,463
478	464
479	465
480	466
481	467
482	468
483	469,470
484	471
485,486	472
487	473
488	474
489	475
490	476
491	477
492	478
493	479
494	480
495	481
496	482
497	483
498	484
499	485
500	486
501	487,488
502,503	489
504	490
505	491
506	492
507	493
508	-1
509,510	494,495
511	496
512	497,498
513	499,501
514	502,503
515	504
516	505
517	506
518,519	507
520	508
521	509
522	510
523	511
524	512
525	513
526,527	514
528	515
529,530	516
531	517
532	518
533	519
534	520,521
535,536	522
537	523
538	524
539	525
540	526
541	527
542	528
543	529
544	530
545	531
546	532
547	533
548	534
549	535
550	536,537
551	-1
552	538
553	539
554	540
555	541
556	542
557	543
558	544
559	545
560	546
561	547,548
562	549
563	550
564	551,552
565	553,554
566	-1
567	555
568	556
569	557
570	558
571	559
572	560
573	561
574,575	562
576	563
577	564
578	565
579	566
580	567
581	568
582	569
583	570
584	571,572
585	573
586	574,575
587	576
588	577,578
589	579
590	580
591	581
592	582
593	-1
594	583
595	584
596	585
597	586
598	587
599	588
600	589,590
601	591
602	592
603	593
604	594
605	-1
606	595
607	596
608	597
609	598
610	599
611	600
612	601
613	-1
614	602
615	603
616	604
617	605
618	606,607
619	608
620	609
621	610
622	611
623,624	612
625	613
626	614
627,628	615,616
629,630	617
631	618
632	619
633	620
634	-1
635	621
636	622
637	623
638	624
639	625
640	626
641	627
642	628
643	629
644	-1
645	630
646	631
647	632
648	633
649	634
650	635
651	636
652	637
653	638
654	639
655	640
656	641
657	642
658	643
659	644
660	645
661	646
662	-1
663	647
664	648
665	649
666	650
667	651
668	652
669	653
670	-1
671	654
672	655
673	656
674	657
675	658
676	659
677	660
678	661
679	662,663
680,681	664
682	665
683	666
684	667
685	668
686	669
687	670
688	671
689	672
690	673
691	674
692	675
693	-1
694	676
695	677
696	678
697	679
698,699	680
700	681
701	682
702	683
703	684
704	685
705	686
706	687
707	688
708	689
709	690
710	691
711	692
712	693
713	694
714	695,696
715	697
716	698
717	699
718	700
719	701
720	702
721	703
722	704,705
723	706
724	707
725	-1
726	708
727	709
728	710,711
729	712
730	713
731	714
732	715
733	716
734	717
735	718
736	-1
737	719
738	720
739	721
740	722
741	723
742	724
743	725
744	726
745	727
746	728
747	729
748	730
749	731
750	732
751	-1
752	733
753	734
754	735
755	736
756	737
757	738
758	739
759	740
760	741
761	742
762,763	743
764,765	744,745
766	746
767	747
768	748
769	749
770	750
771	-1
772	751
773	752
774	753
775	754
776,777	755
778	756
779	757
780	758
781	759
782	760,761
783	762
784	763,764
785	765
786	766
787	767
788	768
789	769
790,791	770
792,793	771,772
794	773,774
795	775
796	776
797	777
798	778
799	779,780
800	781
801	782
802	783
803	784
804	785
805	786
806	787
807	788,789
808	790
809	791
810	-1
811	792
812	793
813	794
814	795
815	796
816	797
817	798
818	799
819	800
820	801
821	802
822	803
823	804
824	805
825	806
826	807
827	808
828	809
829	810
830	811
831	812
832	813
833	814
834	815
835	816
836	-1
837	817
838	818
839	819
840	820,821
841	822
842	823
843	824
844	825
845	826
846	827
847	-1
848	828
849	829
850	830
851	831
852	832
853	833,834
854	835
855	836,837
856	838
857	839,840
858	841
859	842
860	843
861	844,845
862	846
863	847
864	848
865	849
866	850
867	851
868	852
869	853
870	854
871	855
872	856
873	857
874	858
875	-1
876	859
877	860
878	861,862
879	863,864
880	865
881	866
882,883	867
884	868
885	869
886	870
887	-1
888	871
889	872
890	873
891	874
892	-1
893	875
894,895	876
896	877
897	878
898	879
899	880
900	881
901	882,884
902,903	885
904	886
905	887
906	888
907	889,890
908	891
909	892,894
910	895
911	896,897
912	898
913	899
914	900
915	901
916	902,904
917	905
918	906,907
-1	908
919	909
920	910
921	911
922	912
923	913
924,925	914
926,927	915
928	916
929	917
930	918,919
931	920
932	921
933,934	922,923
935	924,925
936	926
937	927
938	928,929
939	930
940	931
941	932
942	-1
943	933
944	934
945	935
946	936
947	937
948,949	938
950	939
951	940
952	941
953	942
954	943
955	944
956	945
957	946
958,959	947
960	948
961	949
962	950
963	951
964	952
965	953
966	954
967	955
968	956
969	957
970	958
971	959
972	960
973	961
974	962
975	963
976	964
977	965
978	966
979,980	967
981	968
982	969
983	970
984	971
985	972
986	973
987	974
988	975
989	976
990	977
991	978
992	979
993	980
994	981
995	982,983
996	984
997	985
998	986
999	987
1000,1001	988
1002	989
1003	990
1004	991
1005	992
1006,1007	993,994
1008	995
1009,1010	996,997
1011	998
1012	999
1013	1000
1014,1015	1001
1016	1002
1017	-1
1018,1019	1003
1020	1004
1021	1005
1022	1006,1007
1023	1008,1010
1024	1011
1025	1012
1026	1013
1027	1014
1028	1015
1029,1030	1016
1031	1017,1018
1032	1019
1033	1020,1021
1034	1022
1035	1023
1036	1024
1037	1025
1038	1026
1039	1027
1040,1041	1028
1042	1029
1043	1030
1044	1031
1045	1032
1046	1033
1047	1034,1035
1048	1036
1049	1037
1050	1038
1051	1039
1052	1040
1053	1041
1054	1042
1055	-1
1056	1043
1057	1044
1058,1059	1045,1046
1060	1047
1061	1048
1062	1049
1063	1050
1064	1051
1065	1052
1066	1053
1067	1054
1068	1055
1069	1056
1070	1057
1071	1058
1072	1059
1073	1060
1074	1061
1075	1062
1076	1063
1077	1064
1078	1065
1079	1066
1080	1067
1081	1068
1082	1069
1083	1070
1084	1071
1085	1072
1086	1073
1087	1074
1088	1075
1089	1076
1090	1077
1091	1078
1092	1079
1093	1080
1094	1081
1095	1082
1096	1083
1097	1084
1098	1085
1099	1086
1100	1087
1101	1088
1102	1089
1103	1090
1104	1091
1105	1092
1106	1093
1107	1094
1108	1095,1096
1109	1097
1110	1098
1111	1099
1112	1100
1113	1101
1114	1102
1115	1103
1116	1104
1117	1105,1106
1118	1107
1119,1120	1108
1121	1109
1122,1124	1110
1125	1111
1126	1112
1127	1113
1128	-1
1129	1114
1130	1115
1131	1116
1132	1117
1133	1118
1134	1119
1135	1120
1136	1121
1137	1122
1138	1123
1139	1124
1140,1142	1125,1126
1143	1127
1144	1128
1145	1129
1146	1130
1147	1131
1148	1132
1149	1133
1150	1134,1135
1151	1136
1152	1137
1153,1154	1138
1155	1139
1156	1140
1157	1141
1158	1142
1159	1143
1160	1144
1161	1145
1162	1146
1163	1147
1164	1148
1165	1149
1166	1150
1167	1151
1168	1152
1169	1153
1170	1154
1171	1155
1172	-1
1173	1156
1174	1157
1175	1158
1176	1159
1177	1160
1178	1161
1179	1162
1180,1181	1163
1182	1164
1183	1165
1184	1166
1185	1167
1186	1168
1187	1169
1188	1170
1189	1171
1190	1172
1191	1173
1192	1174
1193	1175
1194	1176
1195	1177
1196	1178
1197	1179
1198	1180
1199	1181
1200	1182
1201	1183
1202	1184
1203	1185
1204	1186
1205,1206	1187
1207,1208	1188
1209	1189
1210	1190
1211	1191
1212	1192
1213	1193
1214	1194,1196
1215	1197
1216	1198
1217	1199
1218	1200
1219	1201,1202
1220	1203
1221	1204
1222	1205
1223	1206,1207
1224	1208
1225	1209
1226	1210
1227	1211
1228	1212,1213
1229	1214
1230	1215
1231	1216
1232	1217
1233	1218
1234	1219
1235	1220
1236	1221
1237	1222
-1	1223
-1	1224
-1	1225
1238	1226,1227
1239	1228
1240	1229
1241	1230
1242	1231
1243	1232
1244	1233
1245	1234
1246,1247	1235
1248	1236
1249	1237
1250	1238
1251,1252	1239
1253	1240
1254	-1
1255	1241
1256	1242
1257	1243
1258	1244
1259	1245
1260	1246
1261	1247
1262	1248
1263	1249,1250
1264	1251
1265	1252
1266	1253
1267	1254
1268	1255
1269	1256
1270	1257
1271	1258
1272,1273	1259
1274	1260
1275	1261
1276	1262
1277	1263
1278	1264
1279	1265
1280	1266
1281	1267
1282	1268,1269
1283	1270
1284	1271
1285	1272
1286	1273
1287	1274
1288,1289	1275,1276
1290	1277
1291	1278
1292,1293	1279
1294	1280
1295	1281
1296	1282
1297,1298	1283
1299	1284
1300	1285
1301,1302	1286
1303,1304	1287
1305	1288
1306	1289
1307	1290
1308	1291,1292
1309	1293
1310	-1
1311	1294,1295
1312	1296,1297
1313	1298
1314	1299
1315	1300
1316	1301
1317,1318	1302
1319	1303
1320	1304
1321	1305
1322	-1
1323	-1
1324	-1
1325	-1
1326	-1
1327	-1
1328	-1
1329	-1
1330	-1
1331	-1
1332	-1
1333	-1
1334	-1
1335	-1
1336	-1
1337	-1
1338	-1
1339	-1
1340	-1
1341	-1
1342	-1
1343	-1
1344	-1
1345	-1
1346	-1
1347	-1
1348	-1
1349	-1
1350	-1
1351	-1
1352	-1
1353	-1
1354	-1
1355	-1
1356	-1
1357	-1
1358	-1
1359	-1
1360	-1
1361	-1
1362	-1
1363	-1
1364	-1
1365	-1
1366	-1
1367	-1
1368	-1
1369	-1
1370	-1
1371	-1
1372	-1
1373	-1
1374	-1
1375	-1
1376	-1
1377	-1
1378	-1
1379	-1
1380	-1
1381	-1
1382	-1
1383	-1
1384	-1
1385	-1
1386	-1
1387	-1
1388	-1
1389	-1
1390	-1
1391	-1
1392	-1
1393	-1
1394	-1
1395	-1
1396	-1
1397	-1
1398	-1
1399	-1
1400	-1
1401	-1
1402	-1
1403	-1
1404	-1
1405	-1
1406	-1
1407	-1
1408	-1
1409	-1
1410	-1
1411	-1
1412	-1
1413	-1
1414	-1
1415	-1
1416	-1
1417	-1
1418	-1
1419	-1
1420	-1
1421	-1
1422	-1
1423	-1
1424	-1
1425	-1
1426	-1
1427	-1
1428	-1
1429	-1
1430	-1
1431	-1
1432	-1
1433	-1
1434	-1
1435	-1
1436	-1
1437	-1
1438	-1
1439	-1
1440	-1
1441	-1
1442	-1
1443	-1
1444	-1
1445	-1
1446	-1
1447	-1
1448	-1
1449	-1
1450	-1
1451	-1
1452	-1
1453	-1
1454	-1
1455	-1
1456	-1
1457	-1
1458	-1
1459	-1
1460	-1
1461	-1
1462	-1
1463	-1
1464	-1
1465	-1
1466	-1
1467	-1
1468	-1
1469	-1
1470	-1
1471	-1
1472	-1
1473	-1
1474	-1
1475	-1
1476	-1
1477	-1
1478	-1
1479	-1
1480	-1
1481	-1
1482	-1
1483	-1
1484	-1
1485	-1
1486	-1
1487	-1
1488	-1
1489	-1
1490	-1
1491	-1
1492	-1
1493	-1
1494	-1
1495	-1
1496	-1
1497	-1
1498	-1
1499	-1
1500	-1
1501	-1
1502	-1
1503	-1
1504	-1
1505	-1
1506	-1
1507	-1
1508	-1
1509	-1
1510	-1
1511	-1
1512	-1
1513	-1
1514	-1
1515	-1
1516	-1
1517	-1
1518	-1
1519	-1
1520	-1
1521	-1
1522	-1
1523	-1
1524	-1
1525	-1
1526	-1
1527	-1
1528	-1
1529	-1
1530	-1
1531	-1
1532	-1
1533	-1
1534	-1
1535	-1
1536	-1
1537	-1
1538	-1
1539	-1
1540	-1
1541	-1
1542	-1
1543	-1
1544	-1
1545	-1
1546	-1
1547	-1
1548	-1
1549	-1
1550	-1
1551	-1
1552	-1
1553	-1
1554	-1
1555	-1
1556	-1
1557	-1
1558	-1
1559	-1
1560	-1
1561	-1
1562	-1
1563	-1
1564	-1
1565	-1
1566	-1
1567	-1
1568	-1
1569	-1
1570	-1
1571	-1
1572	-1
1573	-1
1574	-1
1575	-1
1576	-1
1577	-1
1578	-1
1579	-1
1580	-1
1581	-1
1582	-1
1583	-1
1584	-1
1585	-1
1586	-1
1587	-1
1588	-1
1589	-1
1590	-1
1591	-1
1592	-1
1593	-1
1594	-1
1595	-1
1596	-1
1597	-1
1598	-1
1599	-1
1600	-1
1601	-1
1602	-1
1603	-1
1604	-1
1605	-1
1606	-1
1607	-1
1608	-1
1609	-1
1610	-1
1611	-1
1612	-1
1613	-1
1614	-1
1615	-1
1616	-1
1617	-1
1618	-1
1619	-1
1620	-1
1621	-1
1622	-1
1623	-1
1624	-1
1625	-1
1626	-1
1627	-1
1628	-1
1629	-1
1630	-1
1631	-1
1632	-1
1633	-1
1634	-1
1635	-1
1636	-1
1637	-1
1638	-1
1639	-1
1640	-1
1641	-1
1642	-1
1643	-1
1644	-1
1645	-1
1646	-1
1647	-1
1648	-1
1649	-1
1650	-1
1651	-1
1652	-1
1653	-1
1654	-1
1655	-1
1656	-1
1657	-1
1658	-1
1659	-1
1660	-1
1661	-1
1662	-1
1663	-1
1664	-1
1665	-1
1666	-1
1667	-1
1668	-1
1669	-1
1670	-1
1671	-1
1672	-1
1673	-1
1674	-1
1675	-1
1676	-1
1677	-1
1678	-1
1679	-1
1680	-1
1681	-1
1682	-1
1683	-1
1684	-1
1685	-1
1686	-1
1687	-1
1688	-1
1689	-1
1690	-1
1691	-1
1692	-1
1693	-1
1694	-1
1695	-1
1696	-1
1697	-1
1698	-1
1699	-1
1700	-1
1701	-1
1702	-1
1703	-1
1704	-1
1705	-1
1706	-1
1707	-1
1708	-1
1709	-1
1710	-1
1711	-1
1712	-1
1713	-1
1714	-1
1715	-1
1716	-1
1717	-1
1718	-1
1719	-1
1720	-1
1721	-1
1722	-1
1723	-1
1724	-1
1725	-1
1726	-1
1727	-1
1728	-1
1729	-1
1730	-1
1731	-1
1732	-1
1733	-1
1734	-1
1735	-1
1736	-1
1737	-1
1738	-1
1739	-1
1740	-1
1741	-1
1742	-1
1743	-1
1744	-1
1745	-1
1746	-1
1747	-1
1748	-1
1749	-1
1750	-1
1751	-1
1752	-1
1753	-1
1754	-1
1755	-1
1756	-1
1757	-1
1758	-1
1759	-1
1760	-1
1761	-1
1762	-1
1763	-1
1764	-1
1765	-1
1766	-1
1767	-1
1768	-1
1769	-1
1770	-1
1771	-1
1772	-1
1773	-1
1774	-1
1775	-1
1776	-1
1777	-1
1778	-1
1779	-1
1780	-1
1781	-1
1782	-1
1783	-1
1784	-1
1785	-1
1786	-1
1787	-1
1788	-1
1789	-1
1790	-1
1791	-1
1792	-1
1793	-1
1794	-1
1795	-1
1796	-1
1797	-1
1798	-1
1799	-1
1800	-1
1801	-1
1802	-1
1803	-1
1804	-1
1805	-1
1806	-1
1807	-1
1808	-1
1809	-1
1810	-1
1811	-1
1812	-1
1813	-1
1814	-1
1815	-1
1816	-1
1817	-1
1818	-1
1819	-1
1820	-1
1821	-1
1822	-1
1823	-1
1824	-1
1825	-1
1826	-1
1827	-1
1828	-1
1829	-1
1830	-1
1831	-1
1832	-1
1833	1306
1834	1307
1835	1308
1836	1309
1837	1310
1838	1311
1839	1312
1840	1313
1841	1314
1842	1315
1843	1316
1844	1317
1845	1318
1846	1319
1847	1320
1848	1321
1849,1850	1322
1851	1323
1852	1324
1853	1325
1854	1326
1855	1327
1856	1328
1857	1329
1858	1330
1859	1331,1332
1860,1861	1333
1862	1334
1863	1335,1336
1864	1337
1865	1338
1866	1339
1867,1868	1340,1341
1869	1342
1870,1871	1343
1872,1873	1344
1874	1345,1346
1875	1347
1876	1348
1877,1878	1349,1350
1879	1351
1880	1352
1881	1353
1882	1354
1883,1885	1355
1886,1887	1356
1888	1357,1358
1889	1359
1890	1360
1891	1361
1892,1893	1362
1894	1363
1895	1364
1896	1365
1897	1366
1898	1367
1899	1368
1900	1369
1901	1370
1902	1371
1903	1372
1904	1373
1905	1374
1906	1375
1907	1376
1908	1377
1909,1910	1378
1911,1913	1379
1914,1917	1380
1918,1921	1381
1922,1923	1382
1924,1926	1383
1927	1384,1385
1928	-1
1929	1386
1930,1931	1387
1932	1388
1933	1389
1934	1390
1935	1391,1392
1936	1393
1937	1394
1938	1395
1939	1396
1940	1397
1941	-1
1942,1943	1398
1944	1399
1945	1400
1946	1401
1947	1402
1948	1403
1949	1404
1950	1405
1951	1406
1952	1407
1953	1408
1954	1409
1955	1410
1956	1411
1957	1412
1958	1413
1959,1961	1414
1962	1415
1963	1416
1964	1417
1965	-1
1966	1418
1967	1419,1420
1968	1421
1969	1422
1970	1423
1971	1424
1972	1425
1973,1974	1426
1975	1427
1976,1977	1428
1978	1429
1979,1980	1430
1981	1431,1432
1982	1433
1983	1434
1984	1435
1985	1436
1986	1437
1987	1438
1988	1439
1989	1440,1441
1990	1442
1991	1443
1992,1993	1444
1994	1445
1995,1996	1446
1997,1998	1447
1999,2000	1448
2001	1449
2002	1450
2003	1451
2004,2005	1452
2006	1453
