0,1	0
2,5	1
6,7	2,3
8,9	4
10	5,8
11	9
12	10
13,14	11
15	12,13
16	14
17	15
18,19	16,17
20,21	18
22	19
23	20,21
24	22
25	23
26	24
27	25
28	26
29	27
30	28
31	29
32	30
33	31,32
34	33
35,36	34,35
-1	36
37	37,38
38,39	39,41
40	42
41	43
42	44
43	45
44	46
45,46	47,48
47	49,50
48	51
49,50	52,53
51	54
52	55
53	56,57
54,56	58,59
57,58	60
59	61
60	62
61	63
62	64,65
63	66
64,65	67,68
66	69,71
67	72
68	73
69	74
70	75
71,74	76
75,76	77
77	78
78	79,80
79	81,83
80	84
81	85
82	86
83,84	87,88
85	89
86	90
87	91
88	92
89,90	93
91	94
92	95,96
93	97
94,95	98
96,98	99,100
99	101,102
100	103
101	104
102	105
103	106
104	107
105	108,109
106	110
107	111
108,109	112
110	113
111	114,115
112	116
113	117
114	118,119
115	120,122
116	123,124
117	125
118,120	126
121,122	127,128
123	129
124	130
125	131
126	132,134
127	135,137
128	138
129	139,140
130	141,143
131	144,145
132	146
133	147
134	148,149
135,136	150
137	151
138	152
139	153
140	154
141	155
142	156
143	157
144	158
145	159
146	160
147	161
148	162
149	163
150	164
151	165
152	166,167
153	168
154	169
155	170
156	171,172
157	173,174
158	175
159	176
160	177
161	178
162	179
163	180
164	181
165	182
166,167	183
168	184,185
169	186,187
170	188,189
171,172	190
173	191
174	192,193
175	194
176,177	195,196
178	197
179,180	198
181,182	199
183,184	200,202
185	203
186	204
187	205
188,190	206
191	207
192	208
193	209
194,195	210
196	211
197	212,213
198	214,215
199	216
200,201	217,218
202	219
203,204	220
205	221
206,209	222
210	223,224
211,212	225
213,214	226,227
215	228
216	229,230
217	231,232
218,219	233
220	234
221,223	235
224	-1
225	236
226	237,238
227	239
228,229	240
230	241
231	242
232,233	243,244
234,235	245
236	246,247
237	248
238	249
239	250
240	251,252
241	253
242	254
243,245	255
246	256
247	257
248	258,260
249	261
250	262,263
251	264
252	265
253	266
254	267
255	268
256	269
257	270
258	271,273
259	274
260	275
261,262	276,278
263	279,280
264	281,282
265	283,284
266	285,287
267	288
268	289
269	290
270	291,292
271,272	293,294
273,274	295,296
275	297
276	298
277,278	299
279	300
280,281	301,302
282	303
283,286	304
287	305
288	306,307
289	308
290,292	309
293	310
294	311
295	312
296	313
297	314
298	315
299	316
300,301	317
302,303	318
304,305	319
306	320
307	321
308	322
309	323
310	324,325
311	326
312,314	327
315	328,330
316,318	331
319,322	332
323	333
324	334
325	335
326	336,338
327,328	339,340
329	341,342
330	343
331	344,345
332,333	346
334	347,348
335	349
336	350
337,338	351
339,340	352
341	353
342	354,356
343,344	357,358
345	359
346	360
347	361,362
348,349	363
350,351	364,365
352	366
353	367
354	368
355	369
356	370
357	371
358	372
359	373,374
360	375,376
361	377
362	378
363	379
364	380
365,367	381
368	382
369	383,384
370	385
371,372	386
373,374	387
375,378	388
379	389
380,383	390
384	391
385	392
386	393
387,388	394
389,391	395
392	396,397
393	398
394	399
395	400
396,397	401
398	402
399	403
400	404
401	405
402	406
403	407,408
404	409
405	-1
406	410
407,409	411
410	412
411	413
412	414
413,414	415
415	416
416	417
417	418
418	419
419	420,421
420	422,423
421,422	424
423	425
424	426
425	427,428
426	429
427	430
428,429	431
430	432,433
431,433	434
434	435
435	436,437
436	438
437	439,440
438,441	441
442,443	442
444,446	443,444
447	445
448	446
449	447
450	448
451	449
452	450
453	451
454	452
455,456	453
457	454
458	455
459,461	456
462,463	457
464,465	458
466,467	459
468,469	460,462
470,471	463,465
472,474	466
475,476	467,468
477,478	469,470
479,480	471,473
481	474
482	475,477
483	478
484,485	479
486	480
487	481
488,489	482,483
490	484
491	485
492	486
493,496	487
497	488
498	489
499	490
500,501	491
502	492
503	493
504	494
505	495
506	496
507	497,498
508	499
509	500
510	501,502
511	503,504
512	505
513	506
514	507
515	508
516	509
517	510
518	511
519	512
520	513
521,522	514
523	515
524	516
525,526	517,518
527	519
528	520,521
529	522,523
530	524,525
531	526
532,534	527
535	528
-1	529
536	530,531
537	532
538	533
539	534
540	535
541,542	536,537
543	538
544	539
545	540
546	541
547	542
548,549	543
550	544
551,552	545,546
553,554	547
555	548,549
556	550,551
557	552,553
558	554
559	555,556
560,561	557
562	558,559
563,564	560
565	561
566	562
567,568	563,564
569,570	565,567
571,573	568,569
574	570
575	571,572
576	573
577	574
578	575
579	576
580,581	577,578
582	579,580
583	581,582
584	583
585	584
586	585,586
587,588	587,588
589,590	589
591	590
592,593	591
594	592,593
595	594,595
596	596,598
597	599,600
598,600	601
601	602
602,603	603,605
604	606
605,606	607,609
607	610
608	611
609	612
610	613
611	614
612	615
613	616
614	617
615	618
616	619
-1	620
617	621
618,620	622,623
621	-1
622	-1
623	-1
624	-1
625	-1
626	-1
627	-1
628	624
629	625
630	626
631,632	627,628
633	629
634	630
635	631
636	632,633
637	634
638	635
639	636
640	637
641	638
642	639,640
643	641,642
644	643
645	644,645
646,647	646
648	647
649	648,649
650	650,652
651	653
652	654,655
653	656
654	657
655	658
656	659
657,659	660
660	661
661	662,664
662	665
663	666,667
664	668,669
665,667	670
668	671
669,670	672
671,672	673,675
673	676
674	677
675	678
676	679
677	680,681
678	682,684
679	685
680,681	686
682	687,689
683	690
684	691
685	692
686	693
687,688	694
689	695
690	696
691,692	697,698
693,694	699
695	700
696,697	701
698	702
699,700	703
701,702	704
703	705
704,705	706
706,707	707,708
708	709,711
709	712
710	713,714
711	715
712	716
713	717
714	718
715	719
716,717	720,722
718	723
719,720	724
721,722	725,727
723	728
724	729
725	730
726	731,732
727	733,734
728	735
729	736
730	737
731	738,740
732	741
733	742
734	743
735	744
736	745,746
737	747
738	748,749
739	750
740	751
741	752
742	753
743	754,755
744	756
745	757
746	758
747	759
748	760,761
749	762
750,751	763,764
752	765
753	766
754	767
755	768
756	769
757	770
758	771
759	772
760	773
761	774,775
762	776
763	777
764	778,779
765	780,781
766	782
767	783
768,769	784,785
770	786
771	787
772,773	788,789
774	790,793
775,776	794
777	795
778	796,797
779,780	798
781	799
782	800
783	801
784	802
785	803
786	804
787	805
788,789	806,808
790	809
791	810
792	811
793,795	812
796	813,814
797,798	815
799	816
800,801	817
802,803	818
804	819,820
805	821,824
806	825,826
807	827
808	828
809	829,830
810,812	831
813	832,833
814,815	834,835
816	836,837
817	838
818	839
819	840
820	841
821	842
822	843
823	844
824	845
825	846
826,827	847
828	848,849
829	850,852
830	853,854
831,832	855,856
833	857,860
834	861
835	862
836	863,865
837	866,867
838	868
839	869
840	870
841	871
842	872
843	873,874
844	875
845	876
846	877
847,848	878,879
849	880
850	881
851	882
852	883
853	884,885
854	886,887
855	888
856	889
857	890,891
858	892
859,860	893
861	894
862,864	895
865	896
866,867	897
868	898
869	899
870,871	900,901
872	902
873	903
874	904
875,877	905
878	906
879,880	907
881	908
882	909,910
883	911
884	912
885,886	913
-1	914
887	915,916
888,890	917
891	918
892,893	919,920
894	921,922
895	923
896	924
897	925,926
898	927
899	928
900	929,931
-1	932
-1	933
-1	934
-1	935
-1	936
-1	937
-1	938
-1	939
-1	940
-1	941
-1	942
-1	943
-1	944
-1	945
-1	946
-1	947
-1	948
-1	949
-1	950
-1	951
-1	952
-1	953
-1	954
-1	955
-1	956
-1	957
-1	958
-1	959
-1	960
-1	961
-1	962
-1	963
-1	964
-1	965
901	966,967
902	968
903	969
904	970
905	971
906	972
907	973
908,909	974
910	975
911,912	976
913	977
914	978
915,916	979
917	980
918	981,982
919	983
920	984
921,922	985
923,924	986,987
925,927	988
928	989,990
929	991
930,931	992,993
932,933	994
934	995
935,936	996
937,938	997
939	998
940,941	999,1000
942	1001
943	1002
944	1003
945	1004
946	1005
947	1006
948	1007
949	1008
950	1009,1010
951	1011
952	1012
953	1013
954	1014
955,956	1015,1017
-1	1018
-1	1019
-1	1020
-1	1021
-1	1022
-1	1023
-1	1024
957,958	1025
959	1026
960	1027
961,964	1028
965,966	1029
967	1030
968	1031
969	1032
970	1033
971	1034
972	1035
973	1036
974,975	1037
976,977	1038
978	1039
979	1040
980	1041
981,982	1042
983,986	1043
987	1044
988	1045
989,990	1046
-1	1047
-1	1048
-1	1049
-1	1050
-1	1051
-1	1052
-1	1053
-1	1054
-1	1055
-1	1056
-1	1057
-1	1058
991	1059,1060
992	1061
993	1062
994	1063,1064
995	1065
996,998	1066,1067
999	1068,1069
1000	1070
1001	1071
1002	1072
1003	1073,1074
1004,1005	1075,1076
1006	1077
1007,1008	1078
1009	1079,1080
1010	1081,1082
1011	1083
1012	1084
1013	1085
1014,1015	1086
1016	1087
1017	1088
1018,1019	1089
1020,1021	1090
1022	1091
1023	1092
1024	1093
1025	1094
1026	1095
1027,1030	1096
1031	-1
-1	1097
-1	1098
-1	1099
-1	1100
-1	1101
-1	1102
-1	1103
-1	1104
-1	1105
-1	1106
-1	1107
-1	1108
-1	1109
-1	1110
-1	1111
-1	1112
-1	1113
-1	1114
-1	1115
-1	1116
1032,1033	1117
1034	1118
1035	1119
1036	1120
1037,1039	1121
1040,1041	1122
1042,1043	1123
1044,1045	1124
1046	1125,1126
1047	1127
1048	1128
1049	1129
1050	1130
1051	1131
1052	1132
1053,1054	1133
1055	1134
1056	1135
1057	1136
1058,1061	1137
1062	1138
1063	1139
1064	1140
1065	1141,1142
1066	1143
1067,1068	1144
1069	1145
1070	1146
1071	1147
1072	1148
1073	1149
1074	1150
1075	1151
1076	1152
1077	1153
1078	1154
1079	1155
1080,1082	1156
1083	1157
1084	1158
1085	1159
1086	1160
1087	1161
1088	1162
1089	1163
1090	1164
1091	1165
1092	1166
1093	1167
1094	1168
1095	1169
1096,1097	1170
1098	1171
1099	1172
1100,1101	1173
1102	1174
-1	1175
1103	1176
1104,1106	1177
1107	1178
1108,1109	1179
1110	1180
1111	1181,1182
1112	1183,1184
1113	1185,1186
1114	1187
1115	1188
1116	1189
1117,1118	1190
1119	1191
1120	1192
1121	1193
1122	1194
1123	1195,1196
1124	1197
1125	1198
1126	1199
1127	1200
1128	1201
1129	1202
-1	1203
-1	1204
-1	1205
-1	1206
-1	1207
-1	1208
-1	1209
-1	1210
-1	1211
-1	1212
-1	1213
-1	1214
-1	1215
-1	1216
-1	1217
-1	1218
-1	1219
-1	1220
-1	1221
-1	1222
-1	1223
-1	1224
-1	1225
-1	1226
-1	1227
-1	1228
-1	1229
-1	1230
1130	1231,1232
1131	1233
1132	1234
1133	1235
1134	1236
1135	1237
1136	1238,1239
1137,1138	1240
1139	1241
1140,1141	1242
1142	1243
1143	1244
1144	1245,1246
1145	1247
1146	1248
1147	1249
