0	0
1	1,2
2	3
3	4,6
4,5	7
6	8,9
7,8	10
9	11
10	12
11	13
12	14,15
13	16
14	17,19
15	20
16	21,22
17	23
18	24
19	25
20	26,27
21	28,29
22	30
23	31
24	32
25,26	33
27	34
28,29	35
30	36
31,32	37
33	38
34	39,40
35	41,42
36	43
37	44
38	45
39	46
40	47,48
41	49
42	50
43	51
44	52
45	53
46	54
47	55,56
48	57
49	58,59
50	60
51	61
52	62
53	63
54,55	64,65
56	66
57	67
58	68,69
59	70,71
60	72,73
61	74
62,63	75,77
64	78
65	79
66,67	80
68	81
69	82
70	83
71	84
72	85
73	86
74	87
75	88
76	89
77	90
78	91
79	92
80,82	93,94
83	95,96
84	97
85,86	98,99
87,88	100
89	101
90	102
91	103
92	104
93,94	105,106
95	107,108
96	109
97,98	110
99	111
100	112,113
101	114,116
102	117
103,104	118
105	119
106	120
107	121,122
108	123
109	124
110	125
111	126
112	127
113	128
114	129
115	130
116,117	131,132
118	133
119	134
120	135
121	136
122	137,138
123	139,140
124	141
125,126	142,143
127	144
128	145,146
129	147
130	148,150
131	151,152
132	153
133	154
134	155
135	156,157
136	158,159
137	160
138	161,162
139	163
140	164
141	165,166
142	167,170
143	171
144	172
145	173
146	174
147	175
148	176,177
149	178
150	179
151	180,181
152	182,183
153	184
154,155	185,187
156	188
157,158	189
159	190
160	191,192
161	193
162	194
163	195
164	196,197
165,166	198
167	199
-1	200
168	201,203
169	204
170	205,207
171	208
172	209,210
173	211
174,175	212,213
176	214,215
177	216
178	217
179	218
180,181	219,220
182	221
183	222,223
184	224,225
185	226,227
186	228
187	229,230
188	231
189	232,233
190	234
191	235
192	236
193,195	237
196	238
197	239
198	240
199	241,243
200	244
201	245
202,203	246
204	247,248
205,207	249,250
208	251,253
209	254
210	255
211	256,257
212	258
213	259
214	260
215	261
216	262
217	263,265
218	266,267
219	268
220	269
221	270
222	271
223	272
224	273
225	274,275
226	276,277
227,228	278
229	279
230	280
231,232	281,282
233	283
234	284
235	285,286
236	287
237	288
238	289,290
239,240	291
241	292
242	-1
243	-1
244	-1
245	-1
246	-1
247	-1
248	-1
249	-1
250	-1
251	-1
252	-1
253	-1
254	-1
255	-1
256	-1
257	-1
258	-1
259	-1
260	-1
261	-1
262	-1
263	-1
264	-1
265	-1
266	-1
267	-1
268	-1
269	-1
270	-1
271	-1
272	-1
273	-1
274	-1
275	-1
276	-1
277	293
278	294
279	295
280,282	296
283,285	297
286	298
287	299
288	-1
289	-1
290	-1
291	-1
292	300,301
293	302
294	303
295	304
296	305,306
297	307
298	308
299	309
300,301	310,311
302,303	312,313
304	314
305	315,316
306	317
307	318,321
308	322,324
309	325
310,311	326
312	327
313	328
314	329
315	330
316	331
317	332,335
318	336
319	337
320,321	338
322	339,340
323	341
324	342,343
325	344,345
326	346,348
327	349
328	350
329	351,352
330	353
331	354
332	355
333	356,357
334	358
335	359
336	360,361
337	362
338	363
339	364
340	365
341,342	366
343	367
344	368
345	369,370
346	371
347	372,373
348	374
349	375
350	376
351	377,378
352	379
353,354	380,382
355	383,384
356	385
357	386
358,359	387
360	388,389
361,362	390
363	391
364	392
365,367	393
368	394
369	395
370,371	396,398
372	399
373	400,401
374	402,403
375,376	404
377,378	405
379	406
380	-1
381	407
382,383	408
384	409,412
385	413,414
386	415
387	416
388	417
389	-1
390	418
391	419,420
392	421
393	422
-1	423
394	424,425
395	426,428
396	429,430
397	431,432
398	433
399	434,435
400	436
401	437,438
402	439
403	440
404,405	441,442
406	443
407	444,446
408	447
409	448,449
410	450
411	451,452
412	453
413	454
414	455
415	456,457
416,417	458
418	459
419	460
420	461,462
421	463
422	464
423	465,466
424	467,468
425	469
426	470,471
427	472
428	473
429,430	474,476
431	477
432	478,479
433	480,482
434	483,484
435	485
436	486
437	487
438	488,489
439	490
440	491
441	492
442	493
443	494
444	495
445	496
446	497
447	498
448	499
449,450	500,501
451	-1
452	-1
453	-1
454	-1
455	-1
456	-1
457	-1
458	-1
459,460	502
461	503
462	504,505
463	506
464	507
465	508,510
466	511,513
467	514,517
468	518
469,470	519,521
471	522
472	523,524
473	525,526
474,475	527
476	528
477	529
478	530
479	531
480	532,535
481	536,537
482	538
483	539,541
484	542,543
485	544
486,487	545,546
488	547
489	548
490	549
491	550
492,493	551,552
494	553
495,496	554
497	555
498	556
499,500	557
501	558
502	559
503,505	560,561
506	562
507	563
508	564
509	565
510,511	566
512	567
513	568
514	569,571
515	572,573
516,517	574
518	575
519	576,578
520,521	579
522	580,582
523	583,584
524	585
525	586
526	587
527	588
528	589
529	-1
530	590
531,532	591,592
533	593
534	-1
535	-1
536	-1
537	-1
538	-1
539	-1
540	594
541	595,596
542	597
543	598
544	599
545	600
546	601,602
547	603
548	604
549	605,606
550	607
-1	608
551	609
552,553	610
554	611
555	612
556,557	613,615
558,559	616
560	617,618
561	619
562	620
563	621
564	622
565	623
566	624
567	625
568	626
569	627
570	628,629
571	630
572	631,632
573	633
574	634
575	635
576	636
577	637
578,579	638
580,581	639,640
582	641
583	642,643
584	644
585	645,647
586	648
587	649
588	650
589	651
590	652
591	653
592	654
593	655,656
594	657
595	658
596	659
597	-1
598,599	660,662
600	663,664
601	665
602	666,667
603	668,669
604	670
605	671
606	672
607	673,674
608	-1
609	-1
610	-1
611	-1
612	-1
613	-1
614	-1
615	-1
616	-1
617	-1
618	-1
619	-1
620	-1
621	-1
622	-1
623	-1
624	-1
625,626	675
627	676,677
628	678
629	679
630	680
631	681
632	682
633	683
634	684,685
635	686
636	687,688
637	689,691
638	692,693
639	694,695
640	696
641	697
642	698,699
643	700
644	701
645	702,703
646	704,705
647	706
648	707
649	708,709
650	710,711
651	712
652	713
653	714
654	715
655	716,717
656	718
657	719
658	720,722
659	723
660	724,725
661	726
662	727,729
663	730,731
664	732
665	733
666	734
667	735
668	736
669	737
670	738
671	739
672	740
673	741
674	742,743
675	744,745
676	746
677	747
678	748
679	749,750
680	751
681	752
682	753
683	754
684	755,756
685	757,759
686	760
687,688	761
689,690	762,763
