0	0,1
1	2
2	3
3	4
4	5
5	6
6	7
7	8,11
8	12
9	13
10,11	14
12,13	15
14	16
15	17,18
16	19
17	20
18	21
19	22,23
20	24,26
21	27
22	28
23	29
24,25	30,31
26	32
27	33
28	34,35
29	36
30,31	37,39
32	40,42
33	43
34,35	44,45
36	46,47
37	48
38,39	49
40	50
41,42	51,52
43	53
44,45	54
46	55
47,48	56,58
49	59
50	60
51	61,62
52	63
53	64
54	65
55	66
56	67
57	68,69
58	70
59,60	71
61	72,73
62	74,75
63	76,77
64	78,79
65	80,81
66	82,83
67	84
68	85,87
69	88
70	89,90
71	91
72,73	92
74	93
75	94
76	95,96
77	97
78	98,99
79	100
80	101
81	102
82	103,104
83	105
84	106,109
-1	110
85	111
86,87	112,113
88,89	114
90	115
91	116,117
92	118,121
93	122,123
94,95	124,125
96	126
97	127,128
98,99	129,130
100	131
101,102	132
103,104	133,134
105	135
106	136
107,108	137
109	138
110,112	139
113	140
114	141
115,116	142
117	143
118,120	144
121	145,146
122	147
123	148
124	149
125	150
126,128	151,152
-1	153
129,130	154,156
131	157,158
132	159
133	160,161
134	162
135	163
136	164,165
137	166
138	167
139	168
140,141	169
142	170
143	171,172
144	173
145	174
146,147	175
148,149	176
150	177,178
151	179
152	180
153	181
154	182,183
155,157	184
158	185
159	186
160,161	187
162	188
163	189
164	190
165	191
166	192
167	193
168	194
169,170	195
171	196,197
172,173	198,199
174	200,201
175	202
176	203
177	204
178	205
179,180	206,207
181	208,210
182	211
183	212
184	213,215
185,186	216
187	217,220
188	221,222
189	223
190	224
191	225,226
192,193	227
194	228
195	229
196	230
197	231,234
198,199	235,236
200	237
201	238
202,203	239,240
204	241
205	242
206	243,244
207	245,246
208	247,249
209	250
210	251
211	252
212	253
213,214	254
215	255
216	256
217	257
218	258
219	259,260
220	261
221	262
222	263
223	264,265
224,225	266
226	267
227	268,270
228	271,272
229,230	273
231,232	274
233	275,276
234	277
235	278,279
236	280
237	281
238	282
239	283
240	284
241	285
242	286
243	287,288
244	289
245	290
246	291,293
247	294,297
248	298
249	299,300
250	301,302
251	303,304
252	305
253	306
254	307,308
255	309,310
256,257	311
258	312,313
259	314
260,261	315
262	316
263,264	317
265,266	318,319
267	320
268	321,322
269	323
270,271	324
272	325
273	326
274	327
275	328
276	329
277	330
278	331
279,280	332,333
281	334
282	335
283	336
284	337,338
285	339
286	340,342
287	343
288	344,345
289	346
290,292	347
293,294	348
295	349,350
296	351
297	352,355
298	356
299	357
300	358,359
301	360,361
302	362
303,304	363,364
305	365
306,307	366
308	367
309	368
310	369
311	370,372
312,313	373
314,316	374
317	375
318	376
319	377,380
320,321	381
322	382,383
323	384
324	385,388
-1	389
325	390,391
326,327	392
328	393
329	394
330	395
331	396,397
332	398,399
333	400
334	401
335	402
336,337	403
338	404,407
339	408,409
340	410
341	411,412
342	413,415
343	416
344	417
345	418
346	419,421
347	422
348	423
349	424
350,351	425,426
352	427
353	428
354	429,430
355,356	431
357,358	432
359	433
360	434
361	435
362	436,437
363	438
364	439
365	440,441
366	442
367	443,444
368	445
369	446
370	447
371	448
372	449
373	450
374	451
375	452
376	453
377,378	454,455
379	456
380	457
381,382	458
383	459,461
384	462
385	463
386	464
387,388	465,466
389	467
390	468
391	469,470
392,393	471,472
394,395	473
396	474
397	475,476
398,399	477,478
400	479
401,403	480
404,405	481
406	482
407	483
408	484
409	485
410	486
411	487
412	488,489
-1	490
413	491
414	492
415	493
416	494,495
417	496
418	497
419	498
420	499
421,422	500,501
423	502,504
424,425	505
426,427	506,508
428,429	509,511
430,431	512
432	513,514
433	515
434	516,517
435	518,519
436	520
437	521,523
438	524
439,440	525,527
441	528
442	529
443	530
444	531,532
445	533,534
446,447	535,536
448,449	537
450,451	538,539
452	540,541
453	542
454	543,546
455,456	547,549
457	550,551
458	552
459	553
460,461	554
462	555
463	556
464,465	557
466	558,559
467	560
468	561
469	562
470	563
471,472	564
473	565
474	566
475	567,568
476	569
477	570
478,479	571
480,481	572,573
482	574
483	575
484	576
485	577,578
486,487	579
488,490	580
491	581,583
492,493	584
494	585,586
495,496	587
497,499	588,589
500	590
501,503	591
504	592,593
505,507	594
508	595
509,510	596
511	597
512,513	598
514,515	599
516	600
517,518	601
519	602
520	603
521	604,605
522,523	606
524	607,610
525	611,612
526	613
527	614,615
528	616
529	617
530,531	618,619
532,533	620,621
534	622
535	623
536	624
537	625
538	626
539	627
540,541	628
542	629
543	630,631
544	632
545	633
546	634
547	635
548	636,637
549	638
550	639
551	640
552	641
553	642
554	643
555	644
556,557	645,647
558,559	648
560	649,650
561	651
562	652
563	653
564	654
565	655
566,567	656
568	657
569	-1
570,571	658,659
572,573	660
574	661,662
575	663
576	664
577	665
578	666
579	667
580	668,669
581	670
582,583	671
584	672
585	673
586,588	674,675
589,590	676
591	677
592	678
593,594	679
595	680,681
596	682
597	683,685
598	686
599	687
600	688
601	689
602	690,691
603	692,693
604,606	694
607	695
608	696
609	697
610	698
611	699
612	700
613	701
614,616	702
617	703
618	704
619	705,706
620	707
621	708
622	709
623,624	710
625	711
626,627	712,713
628,629	714
630,631	715,716
632,633	717
634,635	718
636,637	719,721
638,640	722
641	723,725
642	726
643	727,728
644	729
645,646	730,731
647	732
648,649	733
650	734
651,652	735,736
653	737
654	738,740
655,656	741
657	742,745
658,659	746,748
660	749,750
661	751
662,664	752
665	753
666	754
667	755
668	756
669	757
670,672	758
673,674	759
675	760
676,677	761
678	762
679	763
680	764
681	765,766
682	767
683,684	768
685	769
686	770
687	771
688,689	772,773
690	774
691	775
692	776
693	777
694	778
695	779
696	780,781
697	782
698	783
699	784
700	785
701	786
702	787
703	788
704	789
705	790,791
706,708	792
709,710	793,794
711,712	795
713,714	796,798
715,716	799
717	800
718	801
719	802
720,721	803
722	804
723	805
724	806
725,726	807
727	808,810
728,729	811
730	812
731	813
732	814
733	815
734,735	816
736,737	817,818
738	819,820
739	821
740	822
741	823,824
742,743	825,826
744	827
745	828
746	829
747,748	830
749	831
750	832
751,752	833
753	834
754,755	835,836
756,757	837,839
758,760	840
761	841
762	842
763,764	843
765	844
766	845,847
767,768	848
769	849
770	850
771	851
772	852
773,774	853
775	854
776,777	855
778	856
779,780	857
781	858
782	859
783,784	860,861
785	862
786	863,864
787	865,866
788	867
789	868
-1	869
790,791	870
792,793	871
794,795	872
796	873
797	874
798	875
799	876
800	877
801,803	878
804,805	879
806,808	880
809	881
810,811	882,883
812	884
813,814	885
815	886
816	887
817,819	888
820	889
821,822	890
823	891,892
824	893
825	894,895
826	896
827	897
828	898
829,832	899
833	900
834,835	901,903
-1	904
836	905
837	906
838,839	907
840	908
841,842	909
843	910,913
-1	914
-1	915
844	916
845	917
846	918
