0	0,1
1	2
2	3
3	4
4	5
5	6
6	7
7	8,10
8	11
9	12
10	13
11	14
12,13	15
14	16
15	17,18
16	19
17,18	20
19	21,22
20	23,25
21	26
22	27
23	28
24,25	29,30
26	31
27	32
28	33,34
29	35
30,31	36,38
32	39,40
33	41
34,35	42,43
36	44,45
37	46
38,39	47
40	48
41,42	49,50
-1	51
43	52
44,45	53
46	54
47,48	55,56
49	57
50	58
51	59
52	60,61
53	62
54	63
55	64
56	65
57	66,68
58,59	69
60	70
61	71,72
62	73
63	74,75
64	76,77
65	78,79
66	80,81
67	82
68	83,85
69	86
70	87
71	88
72,73	89
74	90
75	91
76	92
77	93
78	94,95
79	96
80,81	97
82	98,99
83	100
84	101,104
85	105,106
86,87	107,108
88,89	109
90	110
91	111,112
92	113,115
93	116,118
94	119,120
95	121
96	122
97	123,125
98,99	126,127
100	128
101	129,130
102	131
103,104	132,133
105	134
106	135
107,108	136
109	137
110,112	138
113	139,140
114	141
115	142
116	143
117	144
118,120	145
121	146
122	147
123	148
124	149
125	150
126,127	151
128	152,154
129	155,157
130	158
131	159
132	160
133,134	161
135	162
136,137	163,165
138	166
139	167
140,141	168
142	169
143	170,171
144	172
145	173
146	174
147	175
148,149	176
150	177,178
151	179
152	180
153	181
154,155	182,183
156,157	184
158	185,186
159,161	187,188
162,163	189
164	190
165	191
166	192
167	193
168	194
169,170	195
171	196,197
172,173	198,199
174	200,201
175	202
176	203
177,180	204
181	205,206
182	207
183	208
184	209,210
185	211
186	212
187	213,216
188	217
189	218,219
190	220
191,192	221,222
193	223
194,196	224,225
197	226,229
198	230
199	231,232
200	233
201	234
202,203	235,237
204	238
205	239
206	240,241
207	242,243
208	244,246
209	247
210	248
211	249
212	250
213,214	251
215	252
216	253
217	254
218	255
219	256,257
220	258
221,222	259
223	260
224	261
225	262
226	263
227	264,265
228	266,267
229	268
230	269
231,232	270
233	271,272
234	273
235	274,275
236	276
237	277
238	278
239	279
240	280
241	281
242	282
243	283,284
244	285,286
245	287
246	288,289
247	290,293
248	294
249	295
250	296,297
251	298,299
252	300
253	301
254	302,303
255	304,305
256,257	306
258	307,308
259	309
260	310
261,262	311,312
263,264	313
265	314
266	315
267	316
268	317
269	318
270,271	319
272	320
273	321
274	322
275	323
276	324
277	325
278	326
279,280	327,328
281	329
282	330
283	331
284	332,333
285	334
286	335,337
287	338
288	339
289,290	340,341
291,292	342
293	343
294,296	344
297	345
298	346
299	347
300	348,351
301,302	352,354
303	355
304	356,357
305	358
306,307	359
308	360
309	361
310	362
311	363,365
312,313	366
314,316	367
317	368
318	369
319	370,372
320,321	373
322	374,375
323	376
324	377,380
-1	381
325	382
326	383
327	384
328	385
329	386
330,331	387,388
332	389
333	390,391
334	392
335	393,394
336,337	395
338	396,399
339	400,401
340	402
341	403,405
342	406,408
343	409
344	410
345	411
346	412,413
347	414,415
348	416
349	417
350,351	418,419
352	420
353	421
354	422,423
355,356	424
357,358	425
359	426
360	427,428
361	429
362	430,431
363	432
364	433
365	434,435
366	436
367	437,438
368	439
369	440
370	441
371	442
372	443
373	444,445
374	446
375,376	447
377	448
378	449
379	450
380	451,452
381,382	453,454
383	455,456
384	457
385	458
386	459
387,388	460,461
389	462
390	463
391	464,465
392	466
393	467
394	468
395	469
396	470,471
397	472,473
398	474,475
399	476,477
400	478,479
401,403	480
404	481
405,406	482
407,408	483,484
409	485
410	486
411	487
412	488,489
-1	490
413	491
414	492
415	493
416	494,495
417	496
418	497
419	498,499
420	500
421	501,502
422,423	503,504
424,425	505
426,427	506,507
428	508
429	509,511
430	512
431	513
432	514,517
433	518
434	519,520
435	521
436	522
437	523,525
438,439	526
440	527,530
441	531
442,443	532
444	533,534
445	535,537
446,448	538,539
449	540
450	541,542
451	543
452	544,545
453	546,547
454	548,551
455	552,553
456	554,555
457	556,557
458	558,559
459	560
460,461	561,562
462	563
463	564
464,465	565
466	566,567
467	568,569
468	570,571
469	572
470	573
471	574,575
472	576
473	577,578
474	579
475	580,582
476	583
477	584,585
478,479	586
480,481	587,588
482	589
483	590
484	591
485	592
486,487	593,594
488,490	595
491	596,598
492	599
493	600
494	601,603
495,496	604
497	605
498	606
499	607,608
500	609
501	610
502,503	611,613
504	614
505	615
506,507	616
508	617
509	618
510	619
511	620
512,513	621
514	622
515,516	623,625
517,518	626
519	627
520,521	628,629
522	630
523	631
524	632,633
525	634,637
526	638,639
527	640,641
528	642
529	643,644
530,531	645,647
532,533	648,649
534	650
535,536	651
537	652
538	653
539,540	654,655
541,542	656,657
543	658,659
544	660,661
545,546	662
547	663,664
548	665,666
549	667
550	668
551	669,670
552	671,672
553	673
554,555	674
-1	675
556	676,679
557	-1
558,559	680
560	681,682
561	683,684
562	685
563	686
564	687
565	688
566,567	689
568,569	690
570	691
571	692,693
572,573	694
574	695
575	696,697
576	698
577	699
578	700
579	701
580,581	702,703
582,583	704,705
584	706
585	707
586	708
587	709
588	710
589,590	711,712
591	713
592	714
593,594	715,716
595	717
596	718
597	719,721
598	722,723
599	724
600	725,726
601	727
602	728,729
603	730
604	731
605,606	732
607	733
608	734
609	735
610	736
611	737
612	738
613	739
614,616	740
617	741
618	742
619	743,744
620	745
621	746
622	747,748
623,624	749
625	750
626,627	751,752
628	753
629	754
630,631	755,756
632,633	757
634,635	758
636,637	759,761
638,639	762,763
640	764
641	765,766
642	767,768
643	769,771
644	772
645,646	773,774
647	775
648,649	776
650	777
651,652	778
653	779,781
654	782,784
655,656	785
657	786,789
658	790,791
659	792,794
660,661	795
662	796
663	797
664	798
665	799
666	800
667	801
668	802
669	803
670,671	804
672	805
673,674	806
675	807
676,677	808
678	809
679	810
680	811,812
681	813
682	814
683,684	815
685	816
686,687	817
688,689	818,820
690	821
691	822
692	823
693	824
694	825
695	826
696	827,828
697	829,830
698	831
699	832,833
700	834
701	835
702	836
703	837
704	838
705	839,840
706,708	841
709	842,843
710	844
711	845
712	846
713,714	847,849
715	850
716	851
717	852
718	853
719	854
720,721	855,856
722	857
723	858
724	859
725,726	860
727	861,862
728	863
729	864
730	865
731	866
732	867
733	868
734,735	869
736	870
737	871,872
738	873,874
739	875,876
740	877
741	878,879
742	880
743	881
744	882,883
745	884
746	885
747,748	886
749	887,888
750	889
751,752	890
753	891
754,755	892
756	893
757	894,896
758	897
759,760	898
761	899
762	900
763	901
764	902
765	903
766	904,905
767	906
768	907
769	908
770	909
771	910
772	911
773	912
774	913
775	914
776,777	915
778	916
779	917
780	918
781	919,920
782	921
783	922,923
784	924
785	925
786	926,927
787	928,929
788	930
789	931
-1	932
790	933
791	934
792,793	935
794,795	936
796	937
797,798	938
799	939,940
800	941
801,803	942,943
804,805	944
806,808	945
809	946
810,811	947,948
812	949
813	950
814	951
815,816	952
817,819	953
820	954
821	955
822	956
823	957
824	958
825	959
826	960
827	961
828	962
829,832	963
833	964
834	965
835	966,968
836	969
837	970
838,839	971
840	972
841	973
842	974,975
843	976,979
844,845	980
846	981,982
