0	-1
1	-1
2	-1
3	-1
4	-1
5	-1
6	-1
7	-1
8	-1
9	-1
10	-1
11	-1
12	-1
13	-1
14	-1
15	-1
16	-1
17	-1
18	-1
19	-1
20	-1
21	-1
22	-1
23	-1
24	-1
25	-1
26	-1
27	-1
28	-1
29	-1
30	-1
31	-1
32	-1
33	-1
34	-1
35	0
36	1
37	2
38	3
39	4,5
40,41	6
42,43	7
44	8
45	9
46,47	10,12
48	13
49	14
50	15,18
51,52	19
53	20
54,55	21
56	22
57	23
58	24,25
59	26
60	27
61	28
62	29,30
63	31,33
64	34,35
65,66	36
67,68	37,39
69	-1
70	-1
71	-1
72	-1
73	-1
74	-1
75	-1
76	-1
77	-1
78	-1
79	-1
80	-1
81	-1
82	-1
83	-1
84	-1
85	-1
86	-1
87	-1
88	40,41
89	42
90	43
91	44
92,93	45
94	46
95	47
96	48
97	49,50
98	51
99	52
100	53,54
101	55
102	56
103	57
104	58
105,107	59
108	60,61
109	62
110	63,65
111	66,67
112	68
113	69,71
114	72
115	-1
116	-1
117	-1
118	-1
119	-1
120	-1
121	-1
122	-1
123	73,75
124	76
125	77
126	78
127	79
128,129	80
130	81
131	82
132	83
133	84
134	85
135	86
136	87
137	-1
138	-1
139	-1
140	-1
141	-1
142	-1
143	-1
144	-1
145	-1
146	-1
147	-1
148	-1
149	-1
150	-1
151	88,89
152	90
153	91
154	92,93
155	94
156,157	95
158,159	96
160,161	97
162,163	98
164,165	99
166	100,101
-1	102
167	103,106
168	107
169	108
170	109
171,172	110
173,175	111
176,177	112,113
178	-1
179	-1
180	-1
181	-1
182	114
183	115
184	116,117
185	118,120
186,187	121
188	122
189,190	123,124
191,192	125,127
193	-1
194	-1
195	-1
196	-1
197	-1
198	-1
199	-1
200	-1
201	-1
202	-1
203	-1
204	-1
205	-1
206	-1
207	-1
208	-1
209	-1
210	-1
211	-1
212	-1
213	-1
214	-1
215	-1
216	-1
217	-1
218	-1
219	-1
220	-1
221	-1
222	-1
223	-1
224	-1
225	-1
226	-1
227	-1
228	-1
229	128
230	129
231	130
232	131
233	132
234	133,134
235	135,136
236	-1
237	-1
238	-1
239	-1
240	-1
241	-1
242	-1
243	-1
244	-1
245	-1
246	-1
247	-1
248	-1
249	-1
250	-1
251	-1
252	-1
253	-1
254	-1
255	-1
256	-1
257	-1
258	-1
259	-1
260	-1
261	-1
262	-1
263	-1
264	-1
265	-1
266	-1
267	-1
268	-1
269	-1
270	-1
271	-1
272	-1
273	-1
274	-1
275	-1
276	-1
277	-1
278	-1
279	-1
280	-1
281	-1
282	-1
283	-1
284	-1
285	-1
286	-1
287	-1
288	-1
289	-1
290	-1
291	-1
292	-1
293	-1
294	-1
295	-1
296	137
297	138
298	139
299,300	140,141
301	-1
302	-1
303	-1
304	-1
305	-1
306	-1
307	-1
308	-1
309	-1
310	-1
311	-1
312	-1
313	-1
314	-1
315	-1
316	-1
317	-1
318	-1
319	-1
320	-1
321	-1
322	-1
323	-1
324	-1
325	-1
326	-1
327	-1
328	-1
329	-1
330	-1
331	-1
332	-1
333	-1
334	-1
335	-1
336	-1
337	-1
338	-1
339	-1
340	-1
341	-1
342	-1
343	-1
344	-1
345	-1
346	-1
347	-1
348	-1
349	-1
350	-1
351	-1
352	-1
353	-1
354	-1
355	-1
356	-1
357	-1
358	-1
359	-1
360	-1
361	-1
362	-1
363	-1
364	-1
365	-1
366	-1
367	-1
368	-1
369	-1
370	-1
371	-1
372	-1
373	-1
374	-1
375	-1
376	-1
377	-1
378	-1
379	-1
380	-1
381	-1
382	-1
383	-1
384	-1
385	-1
386	-1
387	-1
388	-1
389	-1
390	-1
391	-1
392	-1
393	-1
394	-1
395	-1
396	-1
397	-1
398	-1
399	-1
400	-1
401	-1
402	-1
403	-1
404	-1
405	-1
406	-1
407	-1
408	-1
409	-1
410	-1
411	-1
412	-1
413	-1
414	-1
415	-1
416	-1
417	142
418,419	143
420	144
421	145
422,423	146,147
424	148,149
425	150
426	151
427	152
428	153
429	154,155
430	156,157
431	158,159
432	160
433	161
434	162
435	163,164
436	165,167
437	168
438,439	169
440	170
441	171
442	172
443	173,175
444,445	176,177
446	178,179
447	180
448	181
449,450	182
451,452	183,184
453	185
454	186
455,456	187,188
457	189
458,459	190
460	191
461	192
462,463	193
464	194
465,466	195,196
467	197
468	198
469,472	199
473	200,201
474	202
475	203
476	204,205
477	206,209
478	210
479	211
480	212
481,483	213,214
484	215,216
485,487	217
488	218
489	219
490,491	220,221
492,494	222
495	223,226
496,498	227
-1	228
499,501	229,230
502	231
503,507	232,235
508	236
509	237
510	238,241
511,513	242,243
514,515	244
516,517	245,247
518,521	248,249
522	250
523	251
524	252,253
525,527	254,255
528	256,257
529	258
530	259,261
531	262,267
532	268
533	269,270
534	271
535	272
536	273
537	274
538	275
539,540	276,277
541	-1
542	278,279
543	280,282
544	283
545	284
546	285
547	286
548,549	287,289
550	290,291
551	292
552	293,294
553	295,297
554	298,299
555	300,301
556	302
557	303
558	304
559	305,308
560	309
561,562	310
563,565	311
566,567	312
568	313
569	314
570	315
571,573	316
574	-1
575,576	317
577,579	318,320
580	321
581,582	322
583,584	323
585	324
586	325,326
587	327
588,589	328
590	329
591	330,331
592	332
593	333
594	334,335
595	336
596	337
597	338
598	339
599	340
600	341,342
601,605	343,344
606	345
607	346,347
608,609	348
610	349,350
611	351
612	352
613	353
614	354
615	355
616	356
617	357
618	-1
619	358
620,621	359
622	360
623	361
624	362
625	-1
626	363,364
627	365
628	366
629	367,368
630	369
631	370,371
632	372
633	-1
634	373
635	374,375
636,637	376
638	377
639	378
640	379
641	380
642	381
643	382
644	383
645	384
646	385
647,649	386,387
650	388
651	389
652	390
653	391
654	392
655,656	393
657	394
658	395
659	396
660	397
661,662	398
663	399,401
664	402
665	403
666	404
667	405,406
668	407
669	408
670	-1
671,673	409,410
674	411
675	412,414
676	415,417
677	418,419
678	420,421
679,680	422,423
681	424
682,683	425,426
684	427
685	428,429
686	430
687	431
688	432
689	433
690	434
691	435
692	436
693,694	437,438
695	439
696	440
697	441
698	442,443
699	444
700	445
701	446,447
702	448
703	449
704	450
705,707	451,454
708,709	455,457
710	458
711,713	459
714	460
715	461
716	462
717	463
718	464
719,721	465,466
722	467
723	468
724	469
725	470
726,727	471
728	472
729	473
730,732	474
733	475,476
734	477
735	478
736,737	479,481
738,740	482
741	483
742	484
743,744	485
745	-1
746	486,487
747,748	488
749	489
750,751	490,492
752,755	493,494
756,757	495
758	496
759,760	497,498
761,762	499,501
763	502
764	503,504
765	505,506
766	507
767	508
768	509
769	510
770	511
771	512
772	513
773,774	514
775	515
776	516,517
777	518
778,780	519,520
781	521
782	522
783	523
784	524
785	525
786	526
787	527
788	528,529
789	530
790	531
791	532,533
792	534
793	535,536
794	537
795	538
796	-1
797	539,540
798	541
799,801	542
802	543
803,806	544
807	545,546
808	547
809	548,549
810	550
811	551,552
-1	553
812	554
813	555
814	556
815	557
816	558
817,818	559
819	560
820	561
821	562
822	563
823	564
-1	565
824	566
825	567
826	568,569
827	570,571
828	572
829	573
-1	574
830	575,576
831	577,579
832	580
833	581
834	582,584
835	585
836	586
837,838	587,588
839	589
840	590
841	591
842	592,593
843	594
844	595
845	596
846,847	597
848	598
849	599
850	600
851,852	601
853	602
854,855	603
856,857	604
858	605
859	-1
860	606
861	607
862	608,609
863,864	610
865	611
866,868	612
869	613
870	614
-1	615
871	616
872,873	617
874,877	618,619
878	620
879,880	621,622
881	623
882,883	624
884	625
885,886	626,627
887	628
888	629
889	630
890	631,632
891	633
892	634
893	635
894	636
895,897	637
-1	638
898,899	639
900,901	640
902,903	641,642
904,905	643
906	644,645
907,908	646
909,914	647,648
915	649
916,917	650
918	651,652
919	653
920	-1
921	654,655
922	656
923	657
924	658
925,926	659
927	660
928	661
929,930	662
931	663,664
932	665
933,934	666
935	667,668
936	669
937	670
938	671
939	672,673
940	674
941	675
942,943	676
944	677
945	678
946	679
947,950	680,681
951	682
952	683
953	684
954	685
955	686
956,957	687,688
958	689
959,960	690
961	691,692
962	693
963	-1
964	694,695
965,967	696
968	697
969	698
970	699
971	700
972	701,703
973	704
974	705
975	706
976	707
977	708
978	709
979,981	710,711
982	712
983	713
984	-1
985	714,715
986	716
987,989	717
990	718
991,992	719
993	720,721
994	722
995	723,724
996	725,727
997	728
998	729,730
999	731
1000	732
1001	733
1002	734
1003,1004	735
-1	736
1005,1006	737
1007	738
1008,1009	739
1010	740
1011	741
1012	742
1013	743
1014	744
1015	745
1016	746
1017	747
1018	748
1019	749
1020	750
1021	751
1022	752
1023,1026	753
1027	754
1028	755
1029	756
1030,1031	757
1032	758
1033	759
1034,1035	760
1036	761
1037	762
1038,1039	763
1040	764
1041	765
1042,1044	766
1045	767
1046	768
1047	769,770
1048	771
1049	-1
1050	772,773
1051	-1
1052	774,775
1053,1054	776,778
1055	779
1056	-1
1057	780
1058	781
1059	782
1060,1061	783
1062,1064	784
1065,1066	785
1067	786,787
1068,1069	788,790
1070	791
1071,1072	792
1073	793
1074	794
1075	795
1076	796,797
1077	798
1078	799
1079	800
1080	801,802
1081,1084	803,804
1085	805
1086,1087	806
1088,1089	807
1090	808
1091,1097	809
1098,1100	810
1101,1102	811
1103	812
1104,1105	813,814
1106	815,816
1107,1108	817,818
1109	819
1110	-1
1111	820
1112,1114	821,823
1115,1117	824,825
1118	-1
1119	826
1120	827
1121	828,829
1122	830
1123	831,832
1124	833
1125,1126	834
1127	835
1128	836,837
1129	838
1130	839
1131	840
1132	841
1133	842,843
1134,1135	844
1136,1137	845
1138	846
1139	847
1140	848
1141,1142	849
1143,1145	850
1146,1147	851
1148	852
1149	853
-1	854
-1	855
1150	856,857
1151	858
1152	859
1153	860
1154	861,863
1155	864
1156	865,866
1157,1158	867
1159	868
1160	869
1161	870
1162	871
1163	872
1164	873
1165	-1
1166,1167	874,875
1168,1169	876
1170	877,878
1171,1172	879
1173	880
1174	881,882
1175,1176	883,884
1177,1180	885,888
1181,1182	889
1183,1184	890
1185	891
1186,1188	892
1189	893
1190	894,895
1191	896
1192	897,898
1193	899
1194	900
1195,1196	901
1197,1198	902
1199	903
1200	-1
1201	904
1202	905
1203	906,907
1204	908
1205	909
1206	910,911
1207	912
1208	913
1209	914
1210,1211	915
1212	-1
1213	916,918
1214	919
1215,1218	920
1219	921
1220	922,923
1221	924
1222	925,926
1223	927,929
1224	930,931
1225	932
1226	933
1227	934,935
1228	936,938
1229	939
1230	940,942
1231	943
1232,1233	944,947
1234	948
1235,1236	949
1237,1238	950
1239,1240	951,952
1241	953
1242	954
1243	955,957
1244	958
1245	959
1246	960,961
1247	962
1248	963
1249	964
1250,1252	965,966
1253,1256	967,970
1257	971
1258,1259	972,973
1260,1262	974,976
1263,1266	977,978
1267	979
1268,1269	-1
1270	980,981
1271,1272	982
1273,1274	983,984
1275,1276	985
1277,1278	986,987
1279,1280	988,990
1281,1282	991
1283,1284	992
1285	-1
-1	993
1286,1287	994
1288	995
1289,1291	996,997
1292	998
1293	999
1294	1000
1295	1001
1296,1297	1002
1298,1299	1003
1300	1004
1301,1302	1005
1303	1006
1304	-1
1305	1007,1008
1306	1009
1307	1010,1011
1308	1012
1309	1013
1310,1311	1014
1312	1015
1313	1016
1314,1315	1017
1316	1018
1317	1019,1020
1318	1021
1319	1022
1320,1321	1023,1024
1322	1025
1323	1026
1324	1027
1325,1326	1028,1029
1327,1328	1030,1031
1329	1032,1033
1330	1034,1035
1331,1333	1036
1334	1037
1335	1038
1336,1339	1039
1340	1040
1341	1041
1342	1042
1343	1043,1044
1344	1045,1046
1345,1346	1047,1048
1347	-1
