0	0,1
1,2	2
3	3
4,6	4
7	5
8,9	6
10	7,8
11	9
12	10
13	11
14,15	12
16	13
17	14
18,20	15,16
21	17
22	18
23,24	19
25	20
26	21
27	22
28	23
29	24
30	25
31	26
32	27
33	28
34	29,30
35	31,32
36	33,35
37	36
38	37
39	38
40	39,41
41	42
42	43
43	44
44	45
45	46
46	47
47	48
48	49
49,50	50,51
51,53	52
54	53
55	54,55
56	56
57	57
58,59	58,59
60	60
61,62	61,62
63,64	63
65	64
66	65
67	66
68	67,68
69	69
70	70
71	71
72	72
73	73
74	74
75	75
76	76
77,78	77,78
79	79
80	80
-1	81
81	82
82	83
83	84,85
84	86
85	87
86	88
87	89,90
88	91
89	92
90	93
91	94
92	95
93	96
94	97,98
95	99
96	100
97	101
98,100	102,103
101	104
102,103	105
104	106
105	107
106,107	108,109
108,109	110
110,112	111
113	112
114,115	113
116	114,115
117	116
118,119	117,118
120	119,121
121	122
122	123
123	124
124	125,126
125	127
126	128,129
127	130,131
128	132,133
129	134
130	135
131	136,139
132	140,141
133	142,143
134	144
135	145
136	146,147
137	148
138	149
139	150,151
140	152
141	153
142,143	154
144	155
145,146	156
147	157
148	158
149,151	159
152	160
153	161
154	162
155	163,164
156,157	165
158	166
159,160	167
161	168,169
162	170
163	171
164	172
165	173
166	174
167	175
168	176
-1	177
169	178
170	179
171	180
172	181,182
173	183
174	184,185
175	186
176	187
177,179	188,189
180,182	190,191
183,184	192
185,186	193
187	194
188,190	195,196
191,192	197
193	198
194,196	199,200
197	201,202
198	203
199	204
200	205
201	206
202	207
-1	208
203	209
204	210
205,207	211
208	212
209	213
210	214
211	215
212,215	216
216,217	217,218
218	219
219,220	220
221,222	221
223	222,223
224	224
225,226	225,226
227	227
228	228
229	229
230	230
231	231
232	232,233
233	234
234,235	235
236	236
237	237
238	-1
239,241	238,239
242,243	240
244,245	241
246,248	242,243
249	244
250,251	245
252	246
253,254	247
255,256	248
257	249
258,259	250
260	251
261	252
262	253
263	254
264	255
265	256
266	257
267,268	258
269,270	259
271,272	260
273	261
274	262
275,276	263
277	264
278	265
279,280	266,267
281	268
282,283	269
284,285	270
286,287	271
288,290	272
291	273
292,293	274
294	275
295	276
296	277
297,298	278
299	279
300	280
301	281
302	282
303,304	283,284
305	285
306	286
307,308	287
309,310	288
311,312	289
313	290
314,315	291
316	292
317	293
318,320	294
321	295,296
322	297
323	298
324	299
325,327	300
328,330	301
331,332	302
-1	303
333	304
334	305
335,336	306
337	307
338	308
339,340	309
341	310,311
342,344	312
345	313,314
346	315
347	316
348	317,318
349,350	319,320
351	321
352,353	322
354,355	323
356	324
357,360	325
361	326
362,363	327
364	328
365,366	329
367,368	330
369,371	331,332
372	333,334
373	335,336
374	337
375,376	338
377,378	339
379,381	340
382	341
383	342
384,386	343
387,388	344
389,390	345
391,392	346
393	347
394	348
395	349,350
396	351
397	352,353
398	354
399	355
400,401	356,357
402	358
403	359
404,405	360
406	361
407	362
408	363
409	364
410	365
411,412	366
413	367
414	368
415	369
416	370
417	371
418	372
419	373
420	374
421	375,376
422,423	377,378
424	379
425	380
426	381
427	382
428	383
429	384
430	385,386
431	387
432	388
433	389
434	390
435,437	391
438	392,393
439	394,395
440	396
441	397
442,443	398
444	399
445	400
446	401
447	402
448,450	403,404
451	405
452	406
453	407
454	408
455	409
456	410
457	411
458	412
459,461	413
462,463	414
464	415
465	-1
466	416
467	417
468	-1
469,472	418
473	419,420
474	421,422
475	423
476	424
477,478	425
479,480	426
481,482	427
483,484	428
485	429
486	430
487	431,432
488,489	433
490	434,435
491	436
492	437
493	438,439
494	440,441
495	442,443
496,497	444,445
498	446
499,500	447
501	448
502,503	449
504	450
505	451
506	452
507	453
508	454
509,510	455
511,513	456
514	457
515	458
516	459,460
517	461
518	462
519	463
520	464
521	465,466
522	467
523	468
524	469
525,526	470
527	471
528	472
529	473,474
530	475,476
531	477
532	478
-1	479
533	480,481
534,535	482
536	483
537	484,485
538,539	486,487
540	488,489
541	-1
542	490,491
543	492
544	493
545,546	494,495
547	496
548,549	497
550	498
551	499
552,553	500
554	501
555	502,503
556,557	504
558	505
559	506
560	507
-1	508
561	509,510
562	511,512
563	513,514
564	515,516
565	517
566	518
567,568	519
569,570	520
571,572	521
573	-1
574,577	522
578,579	523
580	524
581	525
582	526
583	527,528
584	529,530
585	531,532
586	533,534
587	535,536
588	537
589	538,540
590	541,542
591	543
592	544,545
593	546
594	547,548
595	549,551
596	552
597	553
598	554,556
599	557,559
600	560
601	561,563
602	564
603,604	565,566
605	567,568
606	569,570
607	571
608	572,573
609	574
610	575,577
611	578
612	579
613	580
614	581
615	582
616	583,584
617	585
618	586
619	587
620	588,589
621,622	590,591
623	592,594
624	595
625	596
626	597
627,628	598
629	599
630	600
631	601,602
632	603
633	604
634	605,606
635	607
636	608
637	609
638	610
639	611
640	612
641	613
642,643	614
644	615
645,646	616
647	617
648	618,619
649	620
650,652	621
653	622
654	623
655,656	624
657	625
658	626
659,660	627
661	628
662	629
663	630
664	631
665	632,634
666,667	635
668	636
669	637
670	638,639
671,672	640
673	641
674	642
675	643
676,677	644,645
678	646
679,680	647
681	648
682	649
683	650,651
684	652
685,686	653
687	654
688,690	655
691	656
692	657
693	658,659
694	660
695	661
696	662
697	663
698	664
699	665
700,701	666
702	667
703,705	668,669
706	-1
707,708	670
709,710	671
711	672
712	673,674
713	675
714	676,677
715	678
716	679
717,718	680,682
719	683
720	684
721	685,686
722,723	687
724,726	688,689
727	690
728	691
729	692
730	693,694
731,733	695
734	696
735	697,698
736	699
737	700
738,739	701
740,741	702
742	703
743,744	704,705
745	706
746	707
747,748	708
749,750	709
751	710
752	711
753	712
754,755	713
756	714
757	715,716
758,759	717
760,761	718
762,763	719,720
764	721
765	722
766	723
767	724
768	725
769	726
770	727
771	728
772,773	729
774	730
775	731
776	732
777	733
778	734,735
779,781	736
782,783	737
784,786	738
787	739
788	740,741
789,790	742
791	743
792,793	744,745
794	-1
795,796	746
797	747,748
798	749
799	750
800	751
801,802	752
803	753
804	754,755
805	756
806,807	757
808	758,760
809	761
810	762,763
811	764
812	765
813,814	766
815	767
816	768,770
817,818	771,772
819	773
820	774
821	775
822	776
823	777
824	778
825	779
826	780
827	781
828	782,783
829	784
830	-1
831	785,786
832	787
833	788
834,835	789
836	790
837	791,792
838	793
839,840	794,795
841	796
842	797
843,844	798
845	799
846	800
847	801
848,849	802
850	803
851	804
852	805
853	806
854	807
855	808
856	809
857,858	810
859	811
860	812
861,863	813
864,866	814
867,868	815
869	-1
870,873	816
874,877	817
878,880	818
881,884	819
885	-1
886	820,821
887,888	822,823
889,890	824
891	825
892,893	826,828
894	829
895	830,831
896	832
897	833
898	834
899	835
900	836
901	-1
902,903	837
904	838
905	839
906,907	840
908,909	841
910	842,843
911	844
912	845
913,915	846
916	847
917	848
918	849
919	850
920,923	851
924	-1
925	-1
926	-1
927	-1
928,931	852
932,935	853
936	-1
937	-1
938	-1
939	-1
940	-1
941,944	854
945	855
946	856
947	857
948	858
949,950	859,860
951	861
952	862
953	863
954	864
955,957	865
958,960	866
961	867,868
-1	869
962,963	870,872
964	873
965	874,875
966	876
967,968	877,878
969	879
970	880
971,973	881,882
974	883,884
975	885
976	-1
977,980	886
981	-1
982	-1
983,986	887
987	888
988,989	889
990	890
991,993	891
994	892,894
995	895
996	896
997,998	897
999,1001	898,899
1002	900,901
1003,1005	902
1006	903
1007	904
1008	905
1009,1010	906,907
1011	908
1012	909
1013,1015	910
1016	911
1017	912
1018,1019	913
1020	914
1021	915
1022	-1
1023,1024	916
1025,1026	917,918
1027,1028	919
1029	920
1030	921
1031	922,923
1032	924,925
1033	926,927
1034	928,929
1035	930
1036	931
1037	932
1038	933
1039	934
1040	935,936
1041	937
1042,1043	938
1044	939
1045	940,941
1046	942
1047,1050	943
1051	944
1052	945
1053	946
1054	947
1055,1056	948,949
1057	950
1058	951
1059,1060	952
1061	953
1062	954
1063,1066	955
1067,1068	956
1069	957,958
1070	959
1071	960
1072	961,963
1073	964
1074	965,966
1075	967
1076,1077	968
1078,1079	969
1080	970
1081	971,972
1082	973
1083	974
1084,1086	975
1087	976
1088	977
1089	978
1090	979
1091	-1
1092,1093	980
1094	981
1095,1098	982
1099	-1
1100	983,986
1101	987
1102,1104	988
1105,1107	989
1108,1109	990,991
1110	-1
1111	-1
1112	-1
1113	-1
1114	-1
1115	-1
1116	-1
1117	-1
1118	-1
1119	-1
1120	-1
1121	-1
1122	-1
1123	-1
1124	-1
1125	-1
1126	-1
1127	-1
1128	-1
1129	-1
1130	-1
1131	-1
1132	992
1133,1135	993
1136,1139	994
1140	995
1141	996
1142,1143	997,998
1144	999
1145,1146	1000
1147	1001
1148	1002
1149	1003
1150	1004
1151	1005
1152,1154	1006
1155	1007
1156,1158	1008
1159	1009,1010
1160	1011
1161	1012
1162	1013
1163	1014
1164,1166	1015
1167,1168	1016
1169	1017
1170,1171	1018
1172	1019,1020
1173	-1
1174	-1
1175	-1
1176	-1
1177	-1
1178	-1
1179	-1
1180	-1
1181	-1
1182	-1
1183	-1
1184	-1
1185	-1
1186	-1
1187	-1
1188	-1
1189	-1
1190	-1
1191	-1
1192,1194	1021,1022
1195	-1
1196	-1
1197	-1
1198	-1
1199	-1
1200	-1
1201	-1
1202	-1
1203,1205	1023
1206,1207	1024
1208	1025
1209	1026
1210	1027
1211	1028,1029
1212	1030,1031
1213	1032
1214	1033
1215	1034
1216	1035
1217,1219	1036
1220,1221	1037,1038
1222,1223	1039,1040
1224	1041
1225	1042
1226,1227	1043
1228	1044
1229	-1
1230	-1
1231	-1
1232	-1
1233	-1
1234	-1
1235	-1
1236	-1
1237	-1
1238	-1
1239	-1
1240	-1
1241	-1
1242	-1
1243	-1
1244	-1
1245	-1
1246	-1
1247	-1
1248	-1
1249	-1
1250	-1
1251	-1
1252	-1
1253	-1
1254	-1
1255	-1
1256	-1
1257	-1
1258	1045
1259	1046
1260	1047
1261	1048
1262	1049
1263	-1
1264	-1
1265	-1
1266	-1
1267	1050,1051
1268	1052,1053
1269,1270	1054
1271	1055
1272,1273	1056
1274	1057
