0,1	0
2	1
3	2
4	3
5	4
6	5
7	6
8,10	7
11	8
12	9
13	10
14	11
15	12,13
16	14
17,18	15
19	16
20	17,18
21,22	19
23,25	20
26	21
27	22
28	23
29,30	24,25
31	26
32	27
33,34	28
35	29
36,38	30,31
39,40	32
41	33
42,43	34,35
44,45	36
46	37
47	38,39
48	40
49,50	41,42
51	-1
52	43
53	44,45
54	46
55,56	47,48
57	49
58	50
59	51
60,61	52
62	53
63	54
64	55
65	56
66,68	57
69	58,59
70	60
71,72	61
73	62
74,75	63
76,77	64
78,79	65
80,81	66
82	67
83,85	68
86	69
87	70
88	71
89	72,73
90	74
91	75
92	76
93	77
94,95	78
96	79
97	80,81
98,99	82
100	83
101,104	84
105,106	85
107,108	86,87
109	88,89
110	90
111,112	91
113,115	92
116,118	93
119,120	94
121	95
122	96
123,125	97
126,127	98,99
128	100
129,130	101
131	102
132,133	103,104
134	105
135	106
136	107,108
137	109
138	110,112
139,140	113
141	114
142	115
143	116
144	117
145	118,120
146	121
147	122
148	123
149	124
150	125
151	126,127
152,154	128
155,157	129
158	130
159	131
160	132
161	133,134
162	135
163,165	136,137
166	138
167	139
168	140,141
169	142
170,171	143
172	144
173	145
174	146
175	147
176	148,149
177,178	150
179	151
180	152
181	153
182,183	154,155
184	156,157
185,186	158
187,188	159,161
189	162,163
190	164
191	165
192	166
193	167
194	168
195	169,170
196,197	171
198,199	172,173
200,201	174
202	175
203	176
204	177,180
205,206	181
207	182
208	183
209,210	184
211	185
212	186
213,216	187
217	188
218,219	189
220	190
221,222	191,192
223	193
224,225	194,196
226,229	197
230	198
231,232	199
233	200
234	201
235,237	202,203
238	204
239	205
240,241	206
242,243	207
244,246	208
247	209
248	210
249	211
250	212
251	213,214
252	215
253	216
254	217
255	218
256,257	219
258	220
259	221,222
260	223
261	224
262	225
263	226
264,265	227
266,267	228
268	229
269	230
270	231,232
271,272	233
273	234
274,275	235
276	236
277	237
278	238
279	239
280	240
281	241
282	242
283,284	243
285,286	244
287	245
288,289	246
290,293	247
294	248
295	249
296,297	250
298,299	251
300	252
301	253
302,303	254
304,305	255
306	256,257
307,308	258
309	259
310	260
311,312	261,262
313	263,264
314	265
315	266
316	267
317	268
318	269
319	270,271
320	272
321	273
322	274
323	275
324	276
325	277
326	278
327,328	279,280
329	281
330	282
331	283
332,333	284
334	285
335,337	286
338	287
339	288
340,341	289,290
342	291,292
343	293
344	294,296
345	297
346	298
347	299
348,351	300
352,354	301,302
355	303
356,357	304
358	305
359	306,307
360	308
361	309
362	310
363,365	311
366	312,313
367	314,316
368	317
369	318
370,372	319
373	320,321
374,375	322
376	323
377,380	324
381	-1
382	325
383	326
384	327
385	328
386	329
387,388	330,331
389	332
390,391	333
392	334
393,394	335
395	336,337
396,399	338
400,401	339
402	340
403,405	341
406,408	342
409	343
410	344
411	345
412,413	346
414,415	347
416	348
417	349
418,419	350,351
420	352
421	353
422,423	354
424	355,356
425	357,358
426	359
427,428	360
429	361
430,431	362
432	363
433	364
434,435	365
436	366
437,438	367
439	368
440	369
441	370
442	371
443	372
444,445	373
446	374
447	375,376
448	377
449	378
450	379
451,452	380
453,454	381,382
455,456	383
457	384
458	385
459	386
460,461	387,388
462	389
463	390
464,465	391
466	392
467	393
468	394
469	395
470,471	396
472,473	397
474,475	398
476,477	399
478,479	400
480	401,403
481	404
482	405,406
483,484	407,408
485	409
486	410
487	411
488,489	412
490	-1
491	413
492	414
493	415
494,495	416
496	417
497	418
498,499	419
500	420
501,502	421
503,504	422,423
505	424,425
506,507	426,427
508	428
509,511	429
512	430
513	431
514,517	432
518	433
519,520	434
521	435
522	436
523,525	437
526	438,439
527,530	440
531	441
532	442,443
533,534	444
535,537	445
538,539	446,448
540	449
541,542	450
543	451
544,545	452
546,547	453
548,551	454
552,553	455
554,555	456
556,557	457
558,559	458
560	459
561,562	460,461
563	462
564	463
565	464,465
566,567	466
568,569	467
570,571	468
572	469
573	470
574,575	471
576	472
577,578	473
579	474
580,582	475
583	476
584,585	477
586	478,479
587,588	480,481
589	482
590	483
591	484
592	485
593,594	486,487
595	488,490
596,598	491
599	492
600	493
601,603	494
604	495,496
605	497
606	498
607,608	499
609	500
610	501
611,613	502,503
614	504
615	505
616	506,507
617	508
618	509
619	510
620	511
621	512,513
622	514
623,625	515,516
626	517,518
627	519
628,629	520,521
630	522
631	523
632,633	524
634,637	525
638,639	526
640,641	527
642	528
643,644	529
645,647	530,531
648,649	532,533
650	534
651	535,536
652	537
653	538
654,655	539,540
656,657	541,542
658,659	543
660,661	544
662	545,546
663,664	547
665,666	548
667	549
668	550
669,670	551
671,672	552
673	553
674	554,555
675	-1
676,679	556
-1	557
680	558,559
681,682	560
683,684	561
685	562
686	563
687	564
688	565
689	566,567
690	568,569
691	570
692,693	571
694	572,573
695	574
696,697	575
698	576
699	577
700	578
701	579
702,703	580,581
704,705	582,583
706	584
707	585
708	586
709	587
710	588
711,712	589,590
713	591
714	592
715,716	593,594
717	595
718	596
719,721	597
722,723	598
724	599
725,726	600
727	601
728,729	602
730	603
731	604
732	605,606
733	607
734	608
735	609
736	610
737	611
738	612
739	613
740	614,616
741	617
742	618
743,744	619
745	620
746	621
747,748	622
749	623,624
750	625
751,752	626,627
753	628
754	629
755,756	630,631
757	632,633
758	634,635
759,761	636,637
762,763	638,639
764	640
765,766	641
767,768	642
769,771	643
772	644
773,774	645,646
775	647
776	648,649
777	650
778	651,652
779,781	653
782,784	654
785	655,656
786,789	657
790,791	658
792,794	659
795	660,661
796	662
797	663
798	664
799	665
800	666
801	667
802	668
803	669
804	670,671
805	672
806	673,674
807	675
808	676,677
809	678
810	679
811,812	680
813	681
814	682
815	683,684
816	685
817	686,687
818,820	688,689
821	690
822	691
823	692
824	693
825	694
826	695
827,828	696
829,830	697
831	698
832,833	699
834	700
835	701
836	702
837	703
838	704
839,840	705
841	706,708
842,843	709
844	710
845	711
846	712
847,849	713,714
850	715
851	716
852	717
853	718
854	719
855,856	720,721
857	722
858	723
859	724
860	725,726
861,862	727
863	728
864	729
865	730
866	731
867	732
868	733
869	734,735
870	736
871,872	737
873,874	738
875,876	739
877	740
878,879	741
880	742
881	743
882,883	744
884	745
885	746
886	747,748
887,888	749
889	750
890	751,752
891	753
892	754,755
893	756
894,896	757
897	758
898	759,760
899	761
900	762
901	763
902	764
903	765
904,905	766
906	767
907	768
908	769
909	770
910	771
911	772
912	773
913	774
914	775
915	776,777
916	778
917	779
918	780
919,920	781
921	782
922,923	783
924	784
925	785
926,927	786
928,929	787
930	788
931	789
932	-1
933	790
934	791
935	792,793
936	794,795
937	796
938	797,798
939,940	799
941	800
942,943	801,803
944	804,805
945	806,808
946	809
947,948	810,811
949	812
950	813
951	814
952	815,816
953	817,819
954	820
955	821
956	822
957	823
958	824
959	825
960	826
961	827
962	828
963	829,832
964	833
965	834
966,968	835
969	836
970	837
971	838,839
972	840
973	841
974,975	842
976,979	843
980	844,845
981,982	846
