0	0
1,4	1
5	2,3
6,7	4
8	5,6
9	7,8
10	9
11	10
12	11
13	12,13
14	14,15
15,16	16,17
17,18	18,19
19	20,21
20	22
21	23
22	24
23	25
24	26
25	27
26	28
27	29
28	30
29	31,32
30	33
31,32	34,35
33	36
34	37
-1	38
35	39,41
36	42
37	-1
38	43
39	44
40	45
41	46
42,43	47,48
44	49,50
45	51
46	52,53
47	-1
48	54
49	55
50	56
51	57
52,54	58
55	59
56	60
57	61
58	62
59	63
60	64,65
61	66
62,63	67
-1	68
64	69,71
65	72
66	73
67	74
68	75
69,70	76
71	77
72	78
73	79
-1	80
74	81,83
75	84
76	85
77	86
78	87
79	88
80	89
81	90
82,83	91
84	92
85	-1
86	93
87	94
88	95,96
89	97
90,91	98
92,94	99
95	100
96,97	101,103
98	104
99	105
100	106
101	107
102	108
-1	109
103	110
104	111
105,107	112,113
108	114,115
109,110	116,117
111	118,119
112	120,122
113	123,124
114	125
115,116	126
117,118	127,128
119	129
120	130
121	131
122	132,134
123	135
124	-1
125	136,137
126	138
127,129	139,142
-1	143
130	144,145
131	146
132	147
133,134	148,149
135,136	150
137	151
138	152
139	153
140	154
141	155
142	156
143	157
144	158
145	159
146	160,161
147	162
148	163
149	164
150	165
151	166
152	167
153	168
154	169
155	170
156	171
157	172
158	173
159	174
160	175
161	176
162	177
163	178
164	179
165	180
166	181
167	182
168,170	183,185
171	186
-1	187
172	188,189
173,174	190
175	191
176	192,193
177	194
178	195,196
179	197
180,181	198
182,183	199
184,185	200,202
186	203
187	204,205
188,189	206
190,191	207
192	208
193	209
194,195	210
196	211
197	212
-1	213
-1	214
198	215
199	216
200	217
201	218
202	219
203,205	220
206	221
207	222
208	-1
209	223,224
210,211	225
212	226,227
213	228
214	229,230
215	231,232
216,217	233
218	234
219,220	235
221	-1
222	236
223	237
224	238,239
225,226	240
227	241
228,229	242,243
230	-1
-1	244
231	245
232,233	246,248
234	249
235,236	250
237	251,252
238	253
239	254
240	255
241	256
242	257
243	258,259
244	260
245	261
246	262,263
247	264
248	265
249	266
250	267
251	268
252	269
253	270
254	271,272
255	273,274
256,257	275
258	276
259,260	277
-1	278
-1	279
261	280
262	281,282
263	283,284
264	285,286
265	287
266	288
267	289
268	290,291
269	292
270	293
271,272	294
273,274	295,297
275	298
276,277	299
278	300
279,280	301,302
281,286	303,304
287,288	305,307
289	308
290,293	309
294	310
295	311
296	312
297	313
298	314
299	-1
300	315
301	316
302	317
303,304	318
305	319
306	320
307	321
308	322
309	323
310	324,325
311	326
312,315	327
316	328,329
-1	330
317	-1
318	-1
319	-1
320,321	-1
322	331
323,324	332
325	333
326	334
327	335
328	336,337
-1	338
329	339,340
330	341,342
331	343
332	344,345
333	346
334	347,348
335,336	349
337	350
338,339	351
340	352
341,342	353
343	354
344	355,356
345,347	357,358
348	359
349	360
350	361,362
351,352	363
353	364,365
354	366
355	367,368
356	369
357	370
358	371
359	372
360	373
-1	374
361	375,376
362	377
363	378
364	379
365	380
366,367	381
368	382
369,370	383,384
371	385
372,373	386
374,375	387
376,377	388
378	389
379,381	390
382	391
383	392,393
384,385	394
386,389	395
390	396,397
391	398
392	399
393	400
394	401
395	402
396	403
397	404,405
398	406
399	407,408
400	409
401	-1
402	410
403	411
404	-1
405	412
406	413
407	414
408,409	415
410	416
411	417
412,413	418
414	419
415	420
-1	421
-1	422
416	423
417,418	424
419,420	425
421	426
422	427
-1	428
423	429,430
424,425	431
426	432,433
427,429	434
430,431	435
432	436,437
433,434	438
435	439
-1	440
436,438	441
439,440	442
441,443	443
-1	444
444	445
445	446
446	447
447,448	448,449
449	450
450	451
451	452
452	453
453,454	454
455	455
456,457	456
458,459	457
460	-1
461,462	458
463	459
464	460
465	461
-1	462
466	463,464
467	465
468,470	466
471,472	467,468
473,474	469,470
475	471,473
476	474
477	475,477
478	478
479,480	479
481	480
482	481
483,484	482,483
485	484
486	485
487	486
488,491	487
492	488
493	489
494	490
495,496	491
497	492
498	493
499	494
500	495
501	496
502	497,498
503	499,500
504	501
-1	502
505,506	503,504
507	505
508	506
509	507
510	508
511	509
512	510
513	511
514	512,513
515	514
516	515
517	516
518,519	517,518
520	519
521	520
-1	521
-1	522
522	523
523	524
524	525
525	526
526,527	527
528	528
-1	529
529	530,531
530	532
531	533
532	534
533	535
534	536,537
535	538
536	539,540
537	541
538	542
539	543
540	544
541	545,546
542,543	547
544	548,549
545	550,551
546	552,553
547	554
548	555,556
549,550	557
-1	558
551	559
552	560
553	561
554	562
555	563
-1	564
556,557	565,566
558	567
559	568
-1	569
560	570
561,562	571
-1	572
563	573
564	574
565	575
566	576
567,568	577,578
569	579,580
570	581,582
571	583
572,573	584,586
574	587
575	588,589
576	590
577,578	591
579	592
-1	593
-1	594
580	595,596
581	597,599
582	600
583,584	601
585	602
586,587	603,604
-1	605
588,590	606,608
591	609
592,593	610,612
594	613,614
595	615
596	616
597	617
598	618
599	619
-1	620
600,602	621,622
603	623
604	-1
605	-1
606	-1
607	-1
608	-1
609	-1
610,611	624,625
612	626
613,614	627,628
615	629
616	630
617	631
618	632,634
619	635
620	636
621	637
622	638
623	639
-1	640
624	641,642
625	643
626	644,645
627	646
628	647
629	648
-1	649
630	650,652
631	653,655
632	656
633	657
634	658
635	659
636,638	660
639	661
-1	662
-1	663
640	664
641	665
642	666
-1	667
643	668
644	669
645,647	670,671
648	672
-1	673
649	-1
650,651	674,675
652	676
653	677,678
654	679
655	680
-1	681
656	682,684
657,658	685,686
659	687,688
660	689
-1	690
661	691
662	692
663	693
664,665	694,695
666,667	696,697
668	-1
669	698
670	699
671	700
672	701
673	702
674	703
675	704
676	-1
677	-1
678	705
679,681	706,707
-1	708
682	709,711
683	712
684	713,715
685	716
686	717
687	718
688	719
689	720
690	721,722
691	723
692,693	724
694	725,726
-1	727
695	728
696	729
697	730,731
-1	732
698	733,734
699	735
700	736
701	737
702	738,740
703	741
704	742
705	743
706	744
707	745,746
708	747
709	748,749
710	750,751
711	752
712	753
713	754,755
714	756
715	757
716	758
717	759
718	760,762
719	763,764
720	765
721	766
722	767
723	768
724	769
725	770
726	771
727	772
728	773
729	774,775
730	776
731	777
732	778,779
733	780,781
734	782
735	783
736	784,785
737	786
738	787
739	788
740	789,791
741	792,793
742,743	794,795
744	796,797
745,746	798
747	799
748	800
749	801
750	802
751	803
752	804
753	805
754	806,807
755	808
756	809
757,758	810,811
759,760	812
761,763	813,815
764	816
765,766	817
767,768	818
769	819
-1	820
770	821,824
771	825,826
772	827
773	828
774	829,830
775,777	831
778	832
779	833
780,781	834,835
782	836,837
783	838
784	839
785	840
786,787	841
788	842
789	843
790	844
791	845
792	846
793	847
794	-1
795	848,849
796	850,852
797	853,854
798	855
799	856
800	857,860
801	861
802	862
803	863,865
804	866,867
805	868
806	869
807	870
808	871
809	872
810	873,874
811	875
812	876
813	877
814	878
815	879
816,817	880,881
818	882
819	883
820	884,885
821	886
-1	887
822	888
823	889
824,826	890,893
827	894
828	895
829	896
830	897
831	898,899
832	900,902
833	903
834	904
835	905,906
836,837	907
838	908
839	909,910
840	911
841	912
842,843	913
844	914,916
845,847	917
848	918
849,850	919,920
851,852	921,922
853	923
854	924
855	925,926
856	927
857	928
858	929,930
-1	931
859	-1
860	932
861	933
862	934
863,864	935
865	936,937
866	938
867	939
868	940
869	941
870	942
871	943
872	944
873	945
874	946
875	947
876	948,949
877	950,951
878,880	952
881	953
882	954
883	955,957
884	958
885,886	959,960
887	961
888,889	962
890	963
891	964
892	965
893	966,967
894	968
895	969
896	970,971
897	972
898	973
899,900	974
901	975
902	976
903	977
904	978
905,906	979
907	980
908,909	981,983
910	984
911,912	985
913,914	986,987
915,917	988
918	989,990
919	991
920,921	992,993
922,923	994
924	995
925,926	996
927,928	997
929	998
930	999,1000
931	1001
932	1002
933	1003
934	1004
935	1005
936	1006
937	1007
938	1008
939	1009,1010
940	1011
941	1012
942	1013
943	1014
944,945	1015,1016
946	1017
947,948	1018
949	1019
950,951	1020
952,953	1021
954,956	1022
957,960	1023
961,963	1024
964	1025
965	1026,1027
966,967	1028
968,969	1029
970	1030
971	1031
972	1032
973	1033
974	1034
975	1035
976	1036
977,978	1037
979	1038
980	1039
981	1040
982	1041
983,984	1042
985,986	1043
987	1044
988	1045
989,990	1046
991	1047,1048
992	1049
993,994	1050
995,996	1051
997	1052
998,999	1053
1000	1054
1001	1055
1002	1056
-1	1057
1003,1004	1058
1005	1059,1060
1006	1061
1007	1062
1008	1063,1064
1009	1065
1010	1066
1011	1067
1012	1068,1069
1013	1070
1014	1071
1015	1072
1016,1017	1073,1074
1018	1075
1019	1076
1020	1077
1021	1078
1022	1079,1080
1023	1081,1082
1024	1083
1025	1084
1026	1085
1027,1028	1086
1029	1087
1030,1031	1088
1032	1089
1033,1034	1090
1035	1091
1036	1092
1037	1093
1038	1094,1095
1039,1042	1096
1043	-1
1044	1097,1098
1045,1047	1099
1048,1049	1100
1050	1101,1102
1051	1103
1052	1104
1053	1105
1054	1106
1055,1057	1107
1058	1108
1059	1109
1060	1110
1061	1111
1062	1112
1063,1064	1113
1065	1114
1066	1115,1116
1067,1068	1117
1069	1118
1070	1119
1071	1120
1072,1074	1121
1075,1076	1122
1077	1123
1078,1079	1124
1080	1125,1126
1081	1127
1082	1128
1083	1129,1130
1084	1131
1085	1132
1086,1087	1133
1088	1134
1089	1135
1090	1136
1091,1093	1137
1094	1138
1095	1139
1096	1140,1141
1097	1142
1098	1143
1099	1144
1100	1145
1101	1146,1147
1102	1148
1103	1149
1104	1150
1105	1151
1106	1152
1107	1153
1108	1154
1109	1155
1110,1111	1156
1112	1157
1113	1158
1114	1159
1115	1160
1116	1161
1117	1162
1118	1163
1119	1164
1120	1165
1121	1166
1122	1167
1123	1168
1124	1169
1125	1170
1126	1171
1127,1128	1172,1173
1129	1174
-1	1175
1130	1176
1131,1133	1177
1134	1178
1135,1136	1179
1137	1180
1138	1181,1182
1139	1183,1184
1140	1185,1186
1141	1187
1142	1188
1143	1189
1144,1145	1190
1146	1191
1147	1192
1148	1193
1149	1194
1150	1195,1196
1151	1197
1152	1198
1153	1199
1154	1200
1155	1201
1156	1202
1157	1203,1205
1158,1159	1206
1160,1162	1207
1163	1208
1164	1209
1165	1210
1166	1211
1167	1212
1168	1213
1169	1214
1170	1215
1171	1216
1172	1217
1173	1218
1174	1219,1220
1175	1221
1176	1222
1177	1223
1178	1224
1179	1225
1180	1226
1181,1182	1227,1229
1183	1230
1184	1231,1232
1185	1233
1186	1234
1187	1235
1188	1236
1189	1237
1190	1238,1239
1191	1240
1192	1241
1193,1194	1242
1195	1243,1244
1196	1245,1246
1197	1247
1198	1248
1199	1249
1200	1250,1251
1201	1252
1202	1253
1203,1205	1254
1206,1207	1255
1208,1209	1256
1210,1212	1257
1213	1258,1259
1214	1260
1215,1216	1261
1217,1218	1262,1263
1219	1264
1220,1221	1265,1266
1222	1267,1268
1223	1269,1270
1224	1271
1225	1272
1226,1227	1273,1274
1228,1229	1275,1276
1230	1277
1231,1232	1278
1233	1279
1234	1280
1235	1281,1282
1236	1283,1286
1237,1238	1287
1239	1288
1240	1289
1241	1290
1242	1291
1243	1292,1293
1244	1294
1245	1295,1297
1246	1298,1299
1247	1300,1301
1248	1302,1303
1249	1304
1250	1305,1306
1251	1307,1309
1252	1310
1253,1254	1311
1255	1312
1256,1257	1313,1314
1258,1261	1315
1262	1316,1317
1263	1318
1264	1319
1265	1320
1266	1321
1267	1322,1324
1268	1325,1326
1269	1327
1270	1328,1329
1271	1330
1272	1331,1333
1273	1334
1274,1275	1335
1276,1277	1336
1278,1279	1337,1338
1280,1283	1339
1284	1340,1341
1285	1342
1286,1287	1343
1288,1289	1344
1290	1345
1291	-1
1292	1346
1293	1347
1294	1348
1295	1349
1296,1297	1350
1298,1299	1351,1353
1300,1301	1354,1355
1302,1303	1356,1357
1304,1305	1358,1360
1306,1308	1361
1309	1362
1310	1363,1364
1311,1312	1365
1313	1366,1367
1314	1368
1315,1316	1369
1317	1370
1318,1319	1371
1320	1372
1321	1373,1375
1322	1376
1323	1377
1324	1378
1325	1379
-1	1380
1326,1328	1381,1382
1329	1383
1330	1384
1331,1333	1385
1334	1386
