0	0,1
1	2
2	3
3,4	4
5	5
6,7	6
8	7,8
9	9
10	10
11	11
12	12
13	13
14,15	14,15
16,17	16,17
18,19	18,19
20	20
21	21
22	22
23	23
24	24
25	25
26	26
27	27
28	28
29	29,30
30	31,32
31	33,35
32	36
33	37
34	38
35	39,41
36	42
37	43
38	44
39	45
40	46
41	47
42	48
43	49
44,45	50,51
46,48	52
49	53
50	54
51	55
52	56
53	57
54	58
55,57	59,60
58	61,62
59,60	63
61	64
62	65
63	66
64	67,68
65	69
66	70
67	71
68	72
69	73,74
70	75
71	76,77
72	78,79
73	80
-1	81
74	82
75	83
76	84,85
77	86
78	87
79	88
80	89,90
81	91
82,83	92
84	93
85	94
86	95
87	96
88	97,98
89	99
90	100
91	101
92	102
93,95	103
96	104
97,98	105
99	106
100	107
101	108
102	109
103,104	110
105,107	111
108,109	112
110	113
111	114,115
112	116
113,114	117,119
115	120,121
116	122,123
117	124
118	125,126
119	127
120	128,129
121	130,131
122	132,133
123,125	134
126	135
127,128	136,138
-1	139
129	140,141
130	142,143
131	144
132	145
133,134	146,147
135	148,149
136	150
137	151
138	152
139	153
140,141	154
142	155
143	156
144	157
145	158
146,147	159
148	160
149	161
150	162
151	163
152	164
153,154	165
155	166
156,157	167
158	168
159	169
160	170
161	171
162	172
163	173
164	174
165	175
166	176
167	177,178
168	179
169	180
170	181,182
171	183
172	184,185
173	186
174	187
175,177	188,189
178,179	190,191
180,181	192
182,183	193
184,185	194,196
186	-1
187	197
188	198
189,191	199,200
192	201,202
193	203
194	204
195	205
196	206
197	207
-1	208
198	209
199	210
200,201	211
202	212
203	213
204,205	214
206	215
207	216
208	-1
209,210	217,218
211	219
212	220
213,214	221
215	222,223
216	224
217	225
218	226
219	227,228
220	229
221	230
222	231
223	232
224	233,234
225,226	235
227,228	236,237
229,231	238,239
232,233	240
234,236	241
237,239	242,243
240	244,245
241	246
242,244	247
245,246	248
247	249
248,249	250
250	251
251	252
252	253
253	254
254	255
255	256
256,257	257
258,260	258
261,262	259
263,265	260
266	261
267	262
268,269	263
270,271	264
272	265
273,274	266,268
275,276	269
277,278	270
279,280	271
281,283	272
284	273
285,286	274
287	275
288	276
289	277
290,291	278
292,293	279
294	280
295	281
296,297	282
298	283
299	284
300	285
301	286
302	287
303,304	288
305,306	289
307	290
308,309	291
310	292
311	293
312,315	294
316	295,296
317	297
318	298
319	299
320,323	300
324,326	301
327,328	302
329	303,304
330	305
331,332	306
333	307
334	308
335,337	309
338	310,311
339,340	312
341,342	313
343,344	314,315
345	316
346	317
347	318,319
348,349	320
350	321
351,352	322
353,354	323,324
355,357	325,326
358,360	327
361	328
362,363	329
364,365	330
366,367	331,332
368	333,334
369	335,336
370	-1
371	337
372,373	338
374,375	339
376	340
377	341
378	342
379,381	343
382	344
383	345
384,385	346
386	347
387	348
388	349
389	350
390	351
391	352,353
392	354
393	355
394	356,357
395	358
396	359
397	360
398	361
399	362
400	363
401	364
402	365
403	366
404	367
405,406	368,369
407	370
408	371
409	372
410	373
411	374
412	375
413	376
414,415	377,378
416	379
417	380
418	381
419	382
420	-1
421	383
422	384
423	385,387
424	388
425	389
426	390
427,429	391
430	392
431	393
432	394,395
433,434	396
435	397
436	398
437,438	399,400
439	401
440	402
441,443	403,404
444	405
445	406
446	407
447	408
448	409
449	410
450	411
451	412
452,454	413
455,456	414,415
457	-1
458	416
459,460	417
461,464	418
465	419,420
-1	421
466	422
467	423
468	424
469,470	425
471,472	426
473,474	427
475	428
476	429
477	430
478	431,432
479,480	433
481	434,435
482	436
483	437
484	438,440
485	441
486	442,443
487,488	444,445
489	446
490,491	447
492	448
493,494	449
495	450
496	451
497	452
498	453
499	454
500	455
501,503	456
504	457
505,506	458
507	459,460
508	461
509	462
510	463
511	464
512	465,466
513	467
514	468,469
515	470
516	471
517	472
518	473,475
519	476
520	477
521	478,479
522	480,481
523,525	482
526	483
527	484,485
528	486,487
529	488,489
530	-1
531	490,491
532	492
533	493
534	494,495
535	496
536	497
537	498
538	499
539	500
540	501
541	502,503
542	504
543	505
544,545	506,507
-1	508
546	509,510
547	511,512
548	513,514
549	515,516
550	517
551	518
552	519
553,554	520
555	521
556	-1
557,560	522
561,562	523
563	524
564	525
565	526
566	527
567	528,530
568	531,532
569	533,534
570	535,536
571	537
572	538,540
573	541,542
574	543,544
-1	545
575	546,547
576	548,551
577	552
578	553
579	554,556
580	557,559
581	560
582	561,563
583	564
584	565,566
585	567,568
586	569,570
587	571
588	572,573
589	574
590	575
591	576,577
592	578
593	579,580
594	581,582
595	583,584
596	585
597	586
598	587
599	588,589
600,601	590,591
602	592,594
603	595
604	596
605	597
606	598
607	599
608	600
609	601,602
610	603
611	604
612	605,606
613	607
614	608
615	609
616	610
617	611
618	612,613
619,620	614
621,623	615,616
624	617
625	618,619
626	620
627,628	621
629	622
630	623
631	624
632	625
633	626
634,635	627
636	628
637	629
638	630
639	631
640	632,634
641,642	635
643	636
644	637
645	638,639
646,647	640,641
648	642
649	643
650,651	644,645
652	646
653	647
654	648
655	649
656	650,651
657,658	652,653
659	654
660,662	655
663	656
664	657
665	658,660
666	661
667	662
668,669	663
670	664
671	665
672	666
673	667,668
674,677	669
678,679	670
680	671
681	672
682	673,674
683	675
684	676,678
685	679
686,687	680,682
688	683
689	684
690	685,686
691	687
692,694	688,689
695	690
696	691
697	692,694
698,700	695
701	696
702	697,698
703	699
704	700
705,706	701
707,708	702
709	703
710	704,705
711	706
712	707
713,714	708
715,716	709
717	710
718	711,712
719	713
720	714
721	715,716
722,723	717
724,725	718
726	719
727	720
728	721
729	722
730	723
731	724
732	725
733	726
734	727
735	728
736	729
737	730
738	731
739	732,733
740	734
741,742	735
743	736
744,746	737
747,749	738,739
750	740,741
751,752	742
753	743
754,756	744,745
757,758	746
759	747,748
760	749,750
761	751
762,763	752
764	753
765	754
766	755
767	756
768,769	757
770	758,760
771	761
772	762,763
773	764
774	765
775,776	766
777	767
778	768,769
779	770
780,781	771,772
782	773
783	774
784	775
785	776
786,787	777
788	778
789	779
790	780
791	781
792	782,783
793	784
794	-1
795	785,786
796	787
797	788
798,799	789
800	790
801	791,792
802	793
803	794
804	795
805	796
806	797
807,808	798
809	799
810	800
811	801
812	802
813,814	803
815	804
816	805
817	806
818	807
819	808
820	809
821,822	810
823	811
824	812
825,826	813
827,828	814
829	815
830,831	816
832,833	817
834	818
835,837	819
838	820,821
839,840	822,823
841,842	824
843	825
844,845	826,828
846	829
847	830,831
848	832
849	833
850	834
851,852	835
853	836
854	-1
855,856	837
857	838
858	839
859,860	840
861	841
862,863	842
864	843
865	844
866,867	845
868	846
869	847
870	848
871	849
872	850
873,876	851
877	-1
878	-1
879,882	852
883	-1
884,887	853
888,891	854
892	855
893	856
894	857
895	858
896	859,860
897	861
898	862
899	863
900,901	864
902,903	865
904,906	866
907	867,868
908	869,870
909	871,872
910	873
911	874,875
912	876
913,914	877,878
915	879
916	880
917,919	881,882
-1	883
920	884
921	885
922	-1
923,926	886
927	-1
928	-1
929,931	887
932	888
933,934	889
935	890
936,938	891
939	892,894
940	895
941	896
942,943	897
944,946	898,899
947	900,901
948,950	902
951	903
952	904
953	905
954,955	906,907
956	908,909
957,959	910
960	911,912
961,962	913
963	914
964	915
965	916
966	917,918
967	919
968	920
969	921
970	922,923
971	924,925
972	926,927
973	928,929
974	930
975	931
976	932
977	933
978	934
979	935,936
980,981	937,938
982	939
983	940,941
984	942
985,986	943
987	944
988	945
989	946
990	947
991,992	948,949
993	950
994	951
995,996	952
997	953
998	954
999,1002	955
1003,1004	956
1005	957,958
1006	959
1007	960
1008	961,963
1009	964
1010	965,966
1011	967
1012	968
1013,1014	969
1015	970
1016,1017	971,972
1018	973
1019	974
1020,1021	975
1022	976
1023	977
1024	978
1025	979
1026	-1
1027,1028	980
1029	981
1030,1033	982
1034	-1
1035	983,986
1036	987
1037,1038	988
1039,1041	989
1042,1043	990,991
1044	-1
1045	-1
1046	-1
1047	-1
1048	-1
1049	-1
1050	-1
1051	-1
1052	-1
1053	-1
1054	-1
1055	-1
1056	-1
1057	-1
1058	-1
1059	-1
1060	-1
1061	-1
1062	-1
1063	-1
1064	-1
1065	-1
1066	-1
1067	992
1068,1070	993
1071,1074	994
1075	995
1076	996
1077	997,998
1078	999
1079,1080	1000
1081	1001
1082	1002
1083	1003,1004
1084	1005
1085,1087	1006
1088	1007
1089,1090	1008
1091	1009,1010
1092	1011
1093	1012
1094	1013
1095	1014
1096,1097	1015
1098,1099	1016
1100	1017
1101	1018
1102	1019,1020
1103	-1
1104	-1
1105	-1
1106	-1
1107	-1
1108	-1
1109	-1
1110	-1
1111	-1
1112	-1
1113	-1
1114	-1
1115	-1
1116	-1
1117	-1
1118	-1
1119	-1
1120	-1
1121,1123	1021,1022
1124	-1
1125	-1
1126	-1
1127	-1
1128	-1
1129	-1
1130,1132	1023
1133,1134	1024
1135	1025
1136	1026
1137	1027
1138	1028,1029
1139	1030,1031
1140	1032
1141	1033
1142	1034
1143,1144	1035
1145,1147	1036
1148,1149	1037,1038
1150,1151	1039,1040
1152	1041
1153	1042
1154,1155	1043
1156	1044
1157	-1
1158	-1
1159	-1
1160	-1
1161	-1
1162	-1
1163	-1
1164	-1
1165	-1
1166	-1
1167	-1
1168	-1
1169	-1
1170	-1
1171	-1
1172	-1
1173	-1
1174	-1
1175	-1
1176	-1
1177	-1
1178	-1
1179	-1
1180	-1
1181	-1
1182	-1
1183	-1
1184	1045
1185	1046
1186	1047
1187	1048
1188	1049
1189	-1
1190	-1
1191	-1
1192	1050,1051
1193	1052
1194	1053
1195	1054
1196	1055
1197,1198	1056
1199	1057
