-1	0
-1	1
-1	2
-1	3
-1	4
-1	5
-1	6
-1	7
-1	8
-1	9
-1	10
-1	11
-1	12
-1	13
-1	14
-1	15
-1	16
-1	17
-1	18
-1	19
-1	20
-1	21
-1	22
-1	23
-1	24
-1	25
-1	26
-1	27
-1	28
-1	29
-1	30
-1	31
-1	32
-1	33
-1	34
-1	35
0	36
1	37
2	38
3	39,40
4	41
5	42
6,7	43
8	44
9	45
10,11	46
12	47
13	48
14	49
15	50
16	51
17	52
18	53
19	54
20	55
21	56,57
22	58
23,24	59
25,26	60
27	61
28	62
29	63
30,31	64
32,34	65
35	66
36	67
37	68
-1	69
-1	70
-1	71
-1	72
-1	73
-1	74
-1	75
-1	76
-1	77
-1	78
-1	79
-1	80
-1	81
-1	82
-1	83
-1	84
-1	85
-1	86
38	87
39	88
40	89
41	90
42	91
43	92
44	93
45	94
46	95
47	96
48	97
49	98
50	99
51	100
52	101
53	102
54	103
55	104
56	105
57	106
58	107
59	108
60	109
61	110
62	111
63	112
-1	113
-1	114
-1	115
-1	116
-1	117
-1	118
-1	119
64	120
65	121
66	122
67	123
68	124
69	125
70	126
71	127
72	128
73	129
74	130
75	131
76	132
77	133
-1	134
-1	135
-1	136
-1	137
-1	138
-1	139
-1	140
-1	141
-1	142
-1	143
-1	144
-1	145
-1	146
-1	147
78	148
79	149
80	150
81	151
82	152
83	153
84	154
85	155
86	156
87	157
88	158
89	159
90	160
91	161
92	162
93	163
94	164
95	165
96	166
97	167
98	168
99	169
100	170
101	171
102	172
103	173
104	174
105	175
106	176
-1	177
-1	178
-1	179
-1	180
-1	181
107	182
108	183
109	184
110	185
111	186
112	187
113	188
114	189
115	190
116	191
117	192
118	193
119	194
120	195
-1	196
-1	197
-1	198
-1	199
-1	200
-1	201
-1	202
-1	203
-1	204
-1	205
-1	206
-1	207
-1	208
-1	209
-1	210
-1	211
-1	212
-1	213
-1	214
-1	215
-1	216
-1	217
-1	218
-1	219
-1	220
-1	221
-1	222
-1	223
-1	224
-1	225
-1	226
-1	227
-1	228
-1	229
-1	230
-1	231
-1	232
-1	233
-1	234
121	235
122	236
123	237
124	238,239
125	240
126,127	241
-1	242
-1	243
-1	244
-1	245
-1	246
-1	247
-1	248
-1	249
-1	250
-1	251
-1	252
-1	253
-1	254
-1	255
-1	256
-1	257
-1	258
-1	259
-1	260
-1	261
-1	262
-1	263
-1	264
-1	265
-1	266
-1	267
-1	268
-1	269
-1	270
-1	271
-1	272
-1	273
-1	274
-1	275
-1	276
-1	277
-1	278
-1	279
-1	280
-1	281
-1	282
-1	283
-1	284
-1	285
-1	286
-1	287
-1	288
-1	289
-1	290
-1	291
-1	292
128	293
129	294,295
130	296
131	297
-1	298
-1	299
-1	300
-1	301
-1	302
-1	303
-1	304
-1	305
-1	306
-1	307
-1	308
-1	309
-1	310
-1	311
-1	312
-1	313
-1	314
-1	315
-1	316
-1	317
-1	318
-1	319
-1	320
-1	321
-1	322
-1	323
-1	324
-1	325
-1	326
-1	327
-1	328
-1	329
-1	330
-1	331
-1	332
-1	333
-1	334
-1	335
-1	336
-1	337
-1	338
-1	339
-1	340
-1	341
-1	342
-1	343
-1	344
-1	345
-1	346
-1	347
-1	348
-1	349
-1	350
-1	351
-1	352
-1	353
-1	354
-1	355
-1	356
-1	357
-1	358
-1	359
-1	360
-1	361
-1	362
-1	363
-1	364
-1	365
-1	366
-1	367
-1	368
-1	369
-1	370
-1	371
-1	372
-1	373
-1	374
-1	375
-1	376
-1	377
-1	378
-1	379
-1	380
-1	381
-1	382
-1	383
-1	384
-1	385
-1	386
-1	387
-1	388
-1	389
-1	390
-1	391
-1	392
-1	393
-1	394
-1	395
-1	396
-1	397
-1	398
-1	399
-1	400
-1	401
-1	402
-1	403
-1	404
-1	405
-1	406
-1	407
-1	408
-1	409
-1	410
-1	411
-1	412
-1	413
-1	414
-1	415
132	416
133	417
134	418
135	419
136	420
137	421
138	422
139	423
140	424
141	425
142	426
143	427
144	428
145,146	429
147	430
148	431
149	432
150	433
151,152	434
153	435
154	436
155	437
156	438
157	439
158	440
159,160	441
161	442
162	443
163,164	444
165	445
166,167	446
168	447
169	448
170	449,450
171	451
172	452
173	453
174	454
175	455
176	456
177	457
178	458
179	459
180	460
181	461
182	462
183	463
184	464
185	465
186,188	466
189	467
190	468
191	469
192	470
193	471
194	472
195	473
196	474
197	475
198	476
199	477
200	478
201	479
202,203	480
204	481
205,206	482
207	483
208	484
209	485
210	486
211	487
212	488
213	489
214	490
215	491
216	492
217	493
218	494
219	495
220	496
221	497
222	498
223	499
224	500
225	501
226	502
227	503
228	504
229	505
230	506
231	507
232	508
233	509
234	510
235,237	511
238	512
239	513
240	514
241	515
242,243	516,517
244	518
245,246	519
247	520
248,249	521
250	522
251	523
252	524
253	525
254	526
255	527
256	528
257	529
258	530
259,260	531
261	532
262	533
263	534
264	535
265	536
266	537
267	538
268	539
269	540
270,271	541
272,273	542
274	543
275	544
276	545
277	546
278	547
279	548
280	549
281	550
282	551
283	552
284	553
285	554
286	555
287	556
288	557
289	558
290	559
291,292	560
293,294	561
295	562
296	563
297	564
298	565
299	566
300	567
301	568
302	569
303	570
304	571
305	572
306	573
307	574
308	575,576
309	577
310,311	578
312	579
313	580
314	581
315	582
316	583
317,318	584,585
319	586
320	587
321	588
322	589
323	590
324	591
325	592
326	593
327	594
328	595
329	596
330,331	597
332	598
333,334	599
335	600
336	601
337	602
338	603
339	604
340,341	605
342	606
343	607
344	608
345	609
346	610
347	611
348	612
349	613
350	614
351	615
352	616
353	617
354	618
355	619
356	620
357	621
358,362	622
363	623
364	624
365	625
366	626
367	627
368	628
369	629
370	630
371	631
372	632
373	633
374	634
-1	635
-1	636
375	637
376	638
377	639
378	640
379	641
380	642
381	643
382	644
383	645
384	646
385	647
386	648
387	649
388	650
389	651
390	652
391	653
392	654
393	655
394	656
395	657
396	658
397	659,660
398	661
399	662
400	663
401	664
402	665
403	666
404	667
405	668
406	669
407	670
408	671,672
409	673
410	674
411	675
412	676
413	677
414,415	678,680
416	681
417	682
418	683
419	684
420	685
421	686
422	687
423	688
424,425	689,690
426	691
427	692
428	693
429	694
430	695
431,432	696
433	697
434	698
435,436	699
437	700
438	701
439	702
440	703
441	704
442	705
443	706
444	707
445	708
446	709
447	710
448	711
449	712
450	713
451	714
452	715
453	716
454	717
455,456	718
457	719
458	720
459	721
460	722
461	723
462	724
463	725
464	726
465	727
466	728
467	729
468	730
469	731
470,471	732,733
472	734
473,475	735
476,477	736
478	737
479	738
480	739
481	740
482	741
483	742
484	743
485	744
486	745
487	746
488	747
489,490	748
491,492	749
493	750
494	751
495	752,753
496,497	754
498	-1
499	755
500	756
501,502	757
503	758
504	759
505	760
506	761
507	762
508	763
509	764
510	765
511	766
512	767
513	768
514	769
515	770
516	771
517	772
518	773
519	774
520	775
521	776
522	777
523	778
524	779
525	780
526	781
527	782
528	783
529	784
530	785
531	786
532	787
533	788
534	789
535	790
536	791
537	792
538	793
539	794
540	795
541	796
542	797
543	798
544	799
545	800
546	801
547	802
548	803
549	804
550	805
551	806
552	807
553	808
554	809
555	810
556	811
557	812
558	813
559	814
560	815
561	816
562	817
563	818
564	819
565	820
566	821
567	822
568	823
569	824
570	825
571,572	826
573	827
574	828
575	829
576	830
577	831
578	832
579	833
580	834
581	835
582,583	836,837
584	838
585	839
586	840
587	841
588	842
589,590	843
591	844
592	845
593	846
594	847
595	848
596	849
597,598	850
599	851,852
600	853
601	854
602	855
603	856
604	857
605	858
606	859
607	860
608	861
609	862
610	863
611	864
612	865
613	866
614	867
615	868
616	869
617,618	870
619,620	871
621	872
622	873
623	874
624	875
625	876
626	877
627	878
628	879
629	880
630	881
631	882
632	883
633	884
634	885
635	886
636	887
637	888
638	889
639	890
640	891
641	892
642	893
643	894
644	895
645	896
646	897
647	898
648	899
649	900
650	901
651	902
652	903
653	904
654	905
655	906
656,657	907
658	908
659	909
660	910
661	911
662	912
663	913
664	914
665	915
666	916
667	917
668	918
669	919
670	920
671	921
672	922
673	923
674	924
675	925
676	926
677	927
678	928
679	929
680	930
681	931
682	932
683	933
684	934
685	935
686	936
687	937
688	938
689	939
690	940
691	941
692	942
693	943
694	944
695	945
696	946
697	947
698	948
699	949
700,701	950
702	951
703	952
704	953
705	954
706	955
707	956
708	957
709	958
710	959
711,712	960
713	961
714	962
715	963
716	964
717	965
718	966
719	967
720	968
721	969
722	970
723	971
724	972
725	973
726	974
727	975
728	976
729	977
730	978
731	979
732	980
733	981
734	982
735	983
736	984
737	985
738	986
739	987
740	988
741	989
742	990
743	991
744	992
745	993
746	994
747	995
748	996
749	997
750	998
751	999
752	1000
753	1001
754	1002
755	1003
756	1004
757	1005
758	1006
759	1007
760	1008
761,762	1009,1010
763	1011
764	1012
765	1013
766	1014
767	1015
768	1016
769	1017
770	1018
771	1019
772	1020
773	1021
774	1022
775	1023
776	1024
777	1025
778	1026
779	1027
780	1028
781	1029
782	1030
783,784	1031,1032
785	1033
786	1034
787	1035
788	1036
789	1037
790	1038
791	1039
792	1040
793	1041
794	1042
795	1043
796	1044
797	1045
798	1046
799	1047
800	1048
801	1049
802	1050
803	1051
804	1052
805	1053
806	1054
807	1055
808	1056
809	1057
810	1058
811	1059
812	1060
813	1061
814	1062
815	1063
816	1064
817	1065
818	1066
819,820	1067
821	1068
822	1069
823	1070
824	1071
825	1072
826	1073
827	1074
828	1075
829	1076
830	1077
831	1078
832	1079
833	1080
834	1081
835	1082
836	1083
837	1084
838	1085
839,840	1086
841	1087
842	1088
843	1089
844	1090
845	1091
846	1092
847	1093
848	1094
849	1095
850	1096
851	1097
852	1098
853	1099
854	1100
855	1101
856	1102
857	1103
858	1104
859	1105
860	1106
861	1107
862	1108,1109
863	1110
864	1111,1112
865	1113
866	1114
867,868	1115
869	1116
870	1117
871,872	1118
873	1119
874	1120
875	1121
876	1122
877	1123
878,879	1124
880	1125
881	1126,1127
882,883	1128
884	1129
885	1130
886	1131
887	1132
888	1133
889	1134
890	1135,1136
891	1137
892	1138
893	1139
894	1140
895	1141
896	1142
897	1143
898	1144
899	1145
900	1146
901	1147
902	1148
903	1149
904	1150
905	1151
906	1152
907	1153
908	1154
909	1155
910	1156
911	1157
912	1158
913	1159
914	1160
915	1161
916	1162
917	1163
918	1164
919	1165
920	1166
921	1167
922	1168
923	1169
924	1170
925,926	1171
927	1172
928	1173
929	1174
930	1175
931	1176
932	1177
933	1178
934	1179
935	1180
936	1181
937	1182
938	1183
939	1184
940	1185
941	1186
942	1187
943	1188
944,945	1189
946	1190
947	1191
948	1192
949	1193
950	1194
951	1195
952	1196
953	1197
954	1198
955	1199,1200
956	1201
957	1202
958	1203
959	1204
960	1205
961	1206
962	1207
963	1208
964	1209
965	1210
966	1211
967	1212
968	1213
969	1214
970	1215
971	1216
972	1217
973	1218
974	1219
975	1220
976	1221
977	1222
978	1223
979	1224
980	1225
981	1226
982	1227
983	1228
984	1229
985	1230
986	1231
987	1232
988	1233
989	1234
990	1235
991,992	1236
993	1237
994	1238
995	1239
996	1240
997	1241
998	1242
999	1243
1000	1244
1001	1245
1002	1246
1003	1247
1004	1248
1005,1006	1249
1007	1250
1008	1251
1009	1252
1010	1253
1011	1254
1012	1255
1013	1256
1014	1257
1015	1258
1016	1259
1017	1260
1018	1261
1019	1262
1020,1022	1263
1023	1264,1265
1024,1025	1266,1267
1026	1268
1027	1269
1028	1270
1029	1271
1030	1272
1031,1032	1273
1033	1274
1034	1275
1035,1036	1276,1277
1037	1278
1038	1279
1039	1280
1040	1281
1041	1282
1042	1283
1043	1284
1044	1285
1045	1286
1046	1287
1047	1288
1048	1289
1049	1290
1050	1291
1051	1292
1052	1293
1053	1294
1054	1295
1055	1296
1056	1297
1057	1298
1058	1299
1059,1060	1300
1061	1301
1062	1302
1063	1303
1064	1304
1065	1305
1066	1306
1067,1068	1307
1069	1308
1070	1309
1071	1310
1072,1073	1311
1074	1312
1075	1313
1076	1314
1077	1315
1078	1316
1079	1317
1080	1318
1081	1319
1082	1320
1083	1321
1084	1322
1085	1323
1086	1324
1087	1325
1088	1326
1089	1327
1090	1328
1091	1329
1092	1330
1093	1331
1094	1332
1095	1333
1096	1334
1097	1335
1098	1336
1099	1337
1100	1338
1101	1339
1102	1340
1103	1341
1104	1342
1105	1343
1106,1107	1344,1345
1108	1346
1109	1347
1110	1348
1111	1349
1112	1350
1113	1351
1114	1352
1115	1353
1116	1354
1117	1355
1118	1356
1119	1357
