0	0,1
1,2	2
3	3
4,6	4
7	5,6
8	7
9,10	8
11	9
12,13	10
14	11
15	12
16	13
17	14
18,19	15,16
20,21	17,19
22	20
23	21
24,25	22,23
26	24
27	25
28	26,27
29	28
30	29
-1	30
31	31,34
32	35,37
33	38
34	39,40
35	41
36	42,43
37	44
38,39	45
40	46
41,42	47,48
43	49
44	50
45,46	51
47,49	52
50	53
51	54,55
52	56
53	57
54,55	58,59
56	60
57	61,62
58,60	63
61	64,65
62	66
63	67,68
64	69,70
65	71
-1	72
66	73,74
67	75
68	76,78
69	79
70	80
71	81
72,73	82
74	83
75	84,85
76	86
77	87
78	88,90
79,81	91,92
82	93,94
83	95
84	96,99
85	100,101
86,87	102,103
88,89	104
90,91	105,106
92	107,109
93	110
94,96	111
97	112
98,99	113,115
100	116
101,102	117,118
103	119
104	120,121
105,106	122,124
107	125
108	126
109	127
110	128
111,112	129
113	130,131
114	132,133
115,116	134
117	135
118	136
119	137,138
120	139
121	140,141
122	142
123	143
124	144
125	145
126	146
127,128	147,149
-1	150
129,130	151,153
131	154
132	155
133	156
134,135	157,158
136,137	159
138	160
139	161
140,141	162
142	163,164
143	165
144	166
145,147	167
148	168
149	169
150	170,171
151	172
152	173
153	174
154	175,176
155	177
156,158	178,179
159,160	180,181
161	182
162,163	183
164	184
165	185
166	186
167	187
168,169	188,189
170	-1
171,172	190,191
173,174	192
175,176	193
177	194
178,180	195,196
181	197
182	198
183,184	199,200
185,186	201,202
187	203,206
188	207
-1	208
189	209
190	210
191,192	211
193	212
194	213
195,196	214
197	215,216
198	217
199	218
200	219
201	220
202,203	221
204	222
205	223
206	224,225
207	226,227
208	228,230
209	231
210	232,233
211	234
212,214	235
215	236
216,218	237,238
219	239
220,221	240
222,223	241
224	242
225,227	243,244
228	245
229	246
230,232	247
233	248
234	249
235	250
236	251
237	252
238	253
239	254
240	255
241	256
242	257
243	258
244,245	259
246	260,261
247,248	262,264
249	265
250,251	266,268
252,253	269
254	270
255	271
256,258	272
259	273
260,262	274,275
263,264	276
265	277
266,267	278
268	279
269	280
270,271	281
272	282
273,274	283,284
275	285
276	286
277,278	287
279,280	288
281,282	289
283	290
284	291
285	292
286,287	293,294
288	295,296
289,290	297
291,292	298
293,294	299
295,296	300
297,298	301
299	302
300	303,305
301,302	306,307
303,305	308,309
306,307	310,311
308,310	312
311	313,315
312,313	316
314	317
315,316	318
317,318	319,320
319	321,322
320,322	323,324
323,324	325,326
325	327
326	328
327,329	329
330,331	330
332,333	331,332
334	333,334
335	335,336
336,337	337
338	338,339
339,340	340,341
341	342
342	343
343	344
344,345	345
346	346
347	347
348	348
349	349,350
350	351,352
351	353
352	354
353,354	355,357
355,356	358
357,358	359
359,360	360
361	361
362	362,363
363	364
364	365
365	366
366	367
367	368,369
368	370
369	371
370	372
371	373
372	374
373	375,376
374,375	377
376	378
377,378	379
379,380	380,381
381,382	382
383	383,384
384	385
385	386
386,387	387
388	388,389
389,390	390
391	391
392	392
393	393
394	394
395	395
396	396
397	397
398,399	398,399
400	400
401,402	401
403,405	402
406,407	403
408	404
409	405
410	406
411	407
412	408,409
-1	410
413	411
414	412
415,416	413
417,418	414
419	415
420,421	416,417
422,425	418
426,427	419,420
428	421
429	422,424
430,431	425
432	426,427
433,434	428,429
435	430
436	431,432
437	433,435
438,439	436
440	437,440
441	441
442	442
443	443
444	444,445
445	446,447
446,448	448
449,451	449,450
452	451,452
453	453
454	454,456
455,456	457
457	458
458	459,460
459	461
460,461	462
462	463
463	464
464	465
465	466
466	467,468
467	469
468	470
469	471
470	472
471	473,475
472	476
473	477,478
474	479
475,476	480,482
477	483
478	484
479	485
480,481	486,487
482	488
483	489
484,485	490,492
486,487	493
488,489	494
490	495
491,492	496,497
493	498
494	499,500
495,496	501
497	502
498	503
499	504
500	505
501,503	506
504	507
505	508
506,507	509,510
508	511,512
509	513
510	514
511	515,516
512,513	517
514,515	518
516	519
517,519	520
520,521	521
522	-1
523,525	522,523
526	-1
527	524,525
528	526
529	527,530
530	531,533
531	534
532	535
533	536,537
534	538,540
535	541
536	542
537	543
538	544
539	545
540,541	546,547
542	548,549
543	550,552
544	553
545	554,555
546	556
547	557,559
548	560,563
549	564
550,551	565,566
552	567,568
553	569,570
554,555	571
556	572,575
557	576,577
558,559	578
560	579,580
561	581
562	582
563	583,584
564	585
565	586
566,567	587
568	588
569	589
570	590
571	591
572,573	592,594
574	595
575	596
576	597
577	598
578,579	599
580	600,601
581	602
582,583	603
584	604
585	605,606
586,588	607,608
589,590	609
591	610
592	611
593,594	612,613
595,596	614
597	615,616
598	617
599	618,619
600	620
601,602	621
603	622
604,606	623
607,608	624
609	625
610	626
611,612	627
613	628
614,616	629
617	630
618	631
619	632,634
620	635
621	636
622	637
623	638
624	639
625,627	640,641
628	642
629	643
630	644
631	645
632,633	646
634,635	647
636,638	648,649
639	650,651
640	652
641	653
642	654
643	655
644	656
645	657,658
646	659
647,649	660,661
650	662
651,652	663
653	664
654	665,666
655	667
656	668
657	669
658,659	670,671
660,661	672
662,663	673
664	674
665	675
666	676,677
667	678
668	679
669,671	680,681
672	682
673,674	683
675	684
676	685
677	686
678,679	687
680,681	688,689
682	690
683,684	691
685	692
686,687	693,694
688,690	695
691	696
692	697
693	698
694	699
695	700
696	701
697	702
698	703
699	704,705
700	706
701	707
702,703	708
704,705	709,710
706,708	711
709,710	712,713
711	714
712	715
713,714	716,717
715,716	718
717,718	719,720
719	721
720,721	722
722	723
723	724
724	725
725,726	726
727	727,728
728,730	729
731	730
732	731
733	732
734	733
735,736	734
737	735
738	736
739,740	737
741,742	738
743	739
744	740,741
745,746	742
747,748	743
749,751	744,745
752,755	746
756	747
757	748,750
758	751
759,761	752
762	753
763	754
764	755
765	756
766	757
767	758
768	759,760
769	761
770	762,763
771	764
772	765
773,774	766
775	767
776	768
777	769,770
778,779	771
780	772
781	773
782	774
783	775,776
784,785	777
786	778,779
787	780,781
788	782,783
789	784
790	785
791	786
792,793	787
794,795	788
796,798	789
799	790
800	791,792
801	793
802,804	794
805	795
806,808	796
809	797
810,811	798
812	799
813,814	800
815,816	801
817,820	802
821,822	803
823	804
824	805
825,826	806,807
827	808
828	809
829,831	810
832	811
833,835	812,813
836,838	814
839,840	815
841,842	816
843	817
-1	818
844,846	819
