0	0,1
1	2
2	3
3	4
4	5
5	6,7
6	8
7	9,10
8	11
9	12
10	13,15
11	16
12	17
13	18
14	19
15	20
16	21
17	22
18	23
19	24,25
20	26
21	27
22	28
23	29
24	30
25	31
26	32
27	33
28	34
29	35
30	36
31	37,38
32	39,40
33	41
34	42
35	43,45
36	46
37	47
38	48
39	49,50
40	51
41,42	52
43	53
44	54
45	55
46	56
47	57
48	58,59
49	60
50	61
51	62
52	63
53	64,65
54	66
55,56	67
57	68,69
58	70
59	71
60	72
61	73
62	74
63,64	75
65	76
66	77
67	78,79
68	80
69	81
70	82
71	83
72,73	84
74	85
75	86
76	87
77,78	88
79	89
80	90,91
81	92,93
82,83	94
84	95
85	96
86	97
87	98
88	99
89	100,102
90	103
91	104
92	105
93	106
94	107,109
95	110
96	111
97	112
98	113
99,100	114,115
101	116
102	117
103	118
104	119
105	120
106	121
107	122
108	123,124
109	125
110	126
111	127,128
112	129,130
113	131
114,115	132
116	133
117	134,135
118	136,137
119	138
120	139
121	140
122	141,142
123	143
124	144,145
125	146
126	147
127	148,149
128	150
129,131	151
132	152,155
133	156,157
134	158
135	159
136	160
137	161,163
138	164
139	165
140	166
141	167
142	168
143	169
144	170
145	171
146	172
147	173
148	174
149,150	175
151	176
152	177
153	178
154	179
155	180
156	181
157,158	182
159	183
160,161	184
162	185
163	186
164,165	187,188
166	189
167	190
168	191
169	192
170	193
171	194
172	195
-1	196
173	197
174	198
175,176	199,200
177	201
178	202,203
179,180	204
181	205,206
182	207,208
183	209
184,185	210
186	211
187,188	212
189,190	213
191	214,215
192	216
193,194	217
195,196	218
197	219
198,199	220
200	221
201	222,223
202	224
203	225
204	226
205	227
206	228
207	229
208	230
209	231
210	232
211	233
212	234
213	235
214	236
215	237
216,217	238
218,219	239
220,221	240,241
222	242
223,224	243
225	244
226	245,246
227	247,249
228,229	250
230	251
231	252
232,234	253
235	254
236	255
237	256
238	257
239	258
240	259
241	260,261
242	262,263
243	264
244	265
245,246	266,267
247	268
248	269
249	270
250	271,272
251	273,274
252,253	275
254,255	276
256	277
257	278
258,259	279
260	280
261,262	281
263	282
264,265	283
266	284
267	285,286
268	287
269,270	288
271	289,290
272	291
273	292
274	293
275,276	294
277	295
278	296
279	297
280	298,301
281	302
282	303
283	304
284	305
285	306
286	307,308
287	309,310
288	-1
289	-1
290	-1
291	-1
292	-1
293	-1
294	-1
295	-1
296	-1
297	-1
298	-1
299	-1
300	-1
301	-1
302	-1
303	-1
304	-1
305	-1
306	-1
307	-1
308	-1
309	-1
310	-1
311	-1
312	-1
313	-1
314	-1
315	-1
316	-1
317	-1
318	-1
319	-1
320	-1
321	-1
322	-1
323	-1
324	-1
325	-1
326	-1
327	-1
328	-1
329	-1
330	-1
331	-1
332	-1
333	-1
334	-1
335	311
336	312
337	313
338,339	314
340	315,316
341	317,318
342	319,320
343	321
344	322
345	-1
346	-1
347	-1
348	-1
349	-1
350	323,324
351,352	325
353,354	326
355	327
356	328
357	329
358,359	330
360	331,332
361	333
362	334,335
363	336
364	337
365	338,339
366	340
367	341
368	342,343
369	344
370	345
371	346
372	347
373	348
374,375	349,350
376	351
377	352
378	353
379	354
380	355,356
381	357
382	358
383	359
384	360
385	361,362
386	363
387	364
388	365
389	366,367
390	368,369
391	370
392,394	371
395	372
396,397	373
398	374
399	375
400	376
401,403	377
404,405	378
406	379
407,409	380
410	381,382
411	383
412	384,385
413	386
414	387,388
415	389
416	390,391
417	392
418	393
419	394
420	395
421	396
422	397
423	398
424	399
425	400
426	401
427	402
428,429	403
430	404
431	405
432	406
433	407
434	408,410
435	411
436,438	412
439	413
440	414
441	415,416
442	417
443	418
444,445	419
446	420
447	421
448,449	422,423
450	424
451	425
452	426
453	427
454,455	428
456	429
457	430,431
458	432,433
459,460	434
461	435
462,463	436
464	437
465	438
466	439
467	440
468	441
469	442
470	443
471	444
472	445
473	446,447
474	448
475	449
476	450
477	451
478	452
479	453
480	454
481	455
482	456
483	457
484,486	458
487	459
488	460
489	461,462
490	463
491	464
492	465
493	466
494,495	467,469
496	470
497,498	471
499	472
500	473
501,502	474
503,506	475
507	476,477
508	478
509	479
510	480
511	481
512	482
513,514	483
515	484,485
516	486,487
517	488
518	489
519	490
520,521	491
522	492,493
523,524	494
525	495
526	496
527,528	497
529	498
530,531	499
532,533	500
534	501
535,537	502
538	503
539	504
540	505
541,542	506
543	507
544	508
545	509
546	510
547,548	511
549	512
550	513
551,552	514,515
553	516
554	517
555	-1
556	-1
557	-1
558	-1
559	-1
560	-1
561	-1
562,563	518,519
564,565	520,521
566	522
567	523
568	524
569,570	525
571	526
572	527
573	528
574,575	529
576	530
577,578	531,532
579	533
580	534
581	535,536
582	537
-1	538
583	539
584	540,541
585	542,543
586	544
587	545
588	546,547
589,590	548
591	549
592	550
593	551
594	552
595	553,554
596	555,556
597	557
598	558
599	559
600	560
601	561
602	562
603	563
604	564
605	565
606	566,567
607	568
608	569
609	570,571
610	572
611	573,574
612	575
613,614	576
615	577
616	578
617	579,580
618	581
619	582
620	583
621	584
622	585
623	586,587
624,625	588
626	589
627	590,591
628	592
629	593
630	594,595
631,632	596,598
633,635	599
636	600,601
637,638	602
639	603
640,641	604
642	605
643	606,607
644	608
645,646	609,611
647	-1
648	-1
649	-1
650	-1
651	-1
652	-1
653	-1
654	612
655	613
656	614
657	615,616
658	617
659	618
660,661	619
662,664	620
665,666	621
667	622
668	623
669	624
670	625
671	626
672	627
673	628
674	629,630
675	631
676	632,633
677	634
678	635
679	636
680,681	637
682	638
683,684	639,641
685	642
686	643
687	644
688	645
689,690	646,647
691	648
692	649
693,694	650,651
695,696	652
697,699	653,654
700	655,656
701,702	657
703	658
704,705	659
706,707	660
708	661,662
709	663
710,711	664
712	665
713	666
714	667
715	668
716	669
717	670
718	671
719	672
720	673
721,722	674
723	675
724	-1
725,727	676,677
728	678
729	679,680
730	681
731	682
732	683
733	-1
734	-1
735	-1
736	-1
737	-1
738	-1
739	-1
740	-1
741	-1
742	-1
743	-1
744	-1
745	-1
746	-1
747	-1
748	-1
749	-1
750	-1
751	684
752	685
753	686
754	687
755	688,689
756	690,691
757	692
758	693
759	694
760	695,696
761	697
762	698,699
763	700
764	701
765	702
766	703
767	704
768	705
769	706
770	707,708
771,772	709,710
773	711
774	712
775	713
776	714
777	715
778	716
779	717,718
780	719
781	720
782	721
783	722
784	723,724
785	725
786	726,728
787	729,730
788	731
789	732
790	733
791	734
792,793	735
794	736
795	737
796	738
797	739
798	740,741
799	742
800,801	743
802	744
803,805	745
806	746
807	747
808	748,749
809	750
810,811	751,752
812	753
813,814	754
815	755
816	756
817	757,759
818	760
819	761
820	762,763
821	764
822	765
823	766,767
824	768,769
825	770
826	771
827	772
828	773,775
829	776,777
830	778,779
831	780
832	781
833,834	782,783
835	784
836	785,786
837	787
838,839	788
840	789
