0,1	0
2,3	1
4	2
5,7	3
8	4,5
9,10	6
11	7
12	8
13,14	9
15	10
16	11
17,18	12
19	13
20,22	14
23	15
24,25	16
26	17
27	18
28	19
29,30	20
31,32	21
33	22
34	23
35	24
36	25,26
37	27
38	28,29
39	30
40	31,32
41	33
42,44	34
45,46	35
47	36
48	37
49	38
50,51	39
52,53	40
54	41
55	42
56	43
57	44
58	45
59	46
60,62	47
63	48
64,65	49
66	50
67,68	51
69	52
70	53
71,72	54,55
73	56
74,75	57
76,77	58
78,79	59
80,81	60
82	61
83,85	62,63
86	64
87	65
88	66
89	67
90	68
91	69
92	70
93	71
94	72
95	73
96	74
97	75
98	76
99	77
100	78
101	79
102	80,81
103	82
104,105	83
106	84
107,108	85,86
109	87,88
110	89
111	90
112	91
113	92
114,115	93,94
116,118	95
119	96
120,121	97,98
122	99
123,125	100
126,127	101
128	102
129	103
130	104
131	105
132	106
133,134	107
135	108
136	109
137	110
138	111
139,140	112
141	113
142	114
143	115
144,145	116,117
146	118
147,148	119
149	120
150	121
151,152	122
153	123
154	124
155	125
156	126
157	127
158,159	128
160	129
161,162	130
163,164	131
165	132
166	133
167	134
168	135
169	136
170	137
171	138
172	139
173	140
174,175	141
176	142
177	143
178	144
179	145
180	146
181	147
182,183	148
184,185	149
186	150
187	151
188	152
189	153
190	154
191,193	155
194	156
195	157,158
196	159
197,198	160
199	161
200	162
201	163
202,203	164
204	165,167
205,206	168
207	169
208,209	170
210	171
211,212	172
213	173
214	174,175
215,216	176
217	177
218,219	178
220	179
221,222	180,181
223	182
224,226	183,184
227,228	185
229	186
230,232	187
233	188
234,235	189
236	190
237	191,192
238	193
239	194,195
240	196
241	197
242	198
243,245	199
246	200
247	201
248	202,203
249	204
250	205
251,252	206,207
253,255	208
256	209
257	210
258,259	211,212
260	213
261,262	214
263	215
264	216
265,267	217
268	218
269,270	219
271	220
272	221
273	222
274,275	223,224
276,278	225
279	226
280	227,228
281	229
282	230
283	231
284	232
285,286	233
287	234
288,289	235
290	236
291	237
292,293	238
294	239,240
295	241
296,297	242
298	243
299	244
300,302	245
303	246
304,305	247
306,307	248
308	249
309,311	250,251
312,313	252,253
314	254
315	255
316	256
317	257,258
318,320	259,260
321	261
322	262,263
323,324	264,265
325,326	266
327,328	267,268
329	269
330	270
331,332	271
333	272
334	273
335	274
336,338	275
339	276
340,341	277
342	278
343	279
344	280,282
345	283,285
346	286
347	287
348,349	288
350,351	289
352,354	290,291
355,357	292
358	293
359	294
360	295
361,362	296
363	297
364,365	298
366	299
367,368	300,301
369,370	302,303
371	304
372,373	305
374	306
375,377	307
378,380	308
381	309
382	310,311
383,384	312
385	313
386	314
387	315
388	316
389,390	317
391	-1
392	318
393,394	319
395	320,321
396	322
397	323
398,399	324
400,401	325
402,404	326
405	327
406	328
407,408	329
409	330
410	331
411	332
412,413	333
414,415	334
416	335
417	336
418	337
419	338
420	339
421	340
422	341
423	342
424	343
425	344
426,428	345
429	346
430	347
431	348
432	349
433	350
434,435	351
436	352
437	353
438	354
439,441	355
442	356
443	357
444	358
445	359
446,447	360
448	361
449	362
450,451	363
452	364
453	365
454	366,367
455	368
456	369
457	370
458,460	371
461	372
462	373
463	-1
464,465	374
466,467	375,376
468	377
469	378
470	379
471	380
472,473	381
474	382
475	383
476,479	384
480,481	385
482	386
483	387
484	388
-1	389
485	390
486,487	391
488	392
489	393
490	-1
491,492	394
493,494	395
495,497	396
498,499	397
500,501	398
502	399
503	400
504,505	401
506	402
507	403
508,510	404,405
511	406
512,514	407
515	408
516,517	409
518	410
519,520	411,412
521	413
522	414
523,524	415
525	416
526	417,418
527	419
528,531	420
532	421
533	422
534,535	423
536,537	424
538	425
539,541	426
542,543	427
544	428
545	429
546,548	430
549	431
550,551	432
552,555	433
556,557	434
558,559	435
560,562	436,437
563,564	438
565	439
566	440
567	441
568,569	442
570	443
571	444
572	445
573	446
574	447
575,577	448
578,579	449,450
580,582	451
583	452
584	453
585	454
586	455
587,588	456,458
589	459
590	460
591	461
592	462
593	463
594	464
595,596	465
597,599	466
600,603	467
604	468
605	469
606,608	470
609	471
610,612	472
613,614	473
615	474
616	475
617	476
618,619	477
620	478
621	479
622	-1
623,626	480
627,628	481
629	482
630,633	483
634,635	484,485
636,637	486
638,639	487
640,641	488
642	489,490
643	491
644,645	492,493
646,647	494
648	495,496
649	497
650	498
651	499,500
652	501
653	502
654,655	503,504
656	505
657,658	506
659	507
660,661	508
662	509
663,664	510,511
665	512
666	513
667,670	514
671,672	515
673	516,517
674	518
675	-1
676,678	519
679	520,521
680,682	522
683,685	523
686	524
687	525
688	526
689	527
690	528
-1	529
691,692	530
693,694	531,532
695	533
696,697	534
698	535
699	536
700,701	537
702,703	538,539
704,705	540
706,707	541
708,709	542
710	543
711,712	544
713	545
714,715	546
716	547
717	548
718,719	549
720	550
721	-1
722,723	551
724	552,553
725,726	554
727	555
728,730	556,557
731	558
732	559
733,734	560
735	561
736	562
737	563
738	564
739	565
740	566
741	567
742	568
743	569
744,745	570
746	571
747,749	572
750	573
751	574
752	575
753	576
754	577
755	578,579
756,757	580,581
758	582
759,760	583
761	584
762,765	585
766	586
767,768	587
769	588
770	589
771	590
772	591
773	592
774,775	593
776	594
777	595
778	596
-1	597
779	-1
780,782	598,599
783,784	600
785	601
786,787	602
788,789	603
790,791	604
792,793	605
794	606
795	607
796	608
797,798	609
799	610
800,801	611
802,803	612
804,805	613
806	614
807	615
808	616
809	617
810	618
811	619
812,813	620
814	621
815	622
816,817	623,624
818	625
819	626
820,821	627
822	628
823,824	629
825	630
826	631
827	632
828	633
829,830	634
831	635
832,833	636
834,836	637
837,838	638
839,840	639
841	640
842	641
843,844	642
845	643
846,847	644
848,849	645
850,851	646
852	647
853	648
854,855	649
856,858	650
859	651
860	652
861	653
862	654
863,865	655
866	656
867	657
868,870	658
871	659
872,874	660
875,876	661
877,879	662
880,881	663
882,883	664
884	665
885	666
886	667
887,888	668
889	669
890	670
891	671
892	672
893,894	673
895,896	674
897,898	675
899	676
900	677
901	678
902,903	679
904	680
905	681
906,907	682
908	683
909,910	684
911,913	685
914	686
915	687,688
916,917	689
918	690
919,920	691
921	692
922	693
923,925	694
926	695
927,928	696
929,930	697
931,932	698
933,934	699
935	700
936	701
937,938	702,703
939,940	704
941	705
942	706
943	707
944	708
945	709
946	710
947	711
948	712
949	713
950,951	714
952	715
953	716
954	717
955,956	718
957	719
958,959	720
960	721
961,962	722,724
963,964	725,726
965	727
966	728
967,968	729
969	730
970	731
971	732
972	733
973	734,735
974,975	736
976,977	737,739
978	740
979	741,742
980	743
981	744
982	745
