0	0,1
1	2
2	3
3	4
4	5
5	6,7
6	8
7	9,10
8	11
9	12
10	13,15
11	16
12	17
13	18
14	19
15	20
16	21
17	22
18	23
19	24,25
20	26
21	27
22	28
23	29
24	30
25	31
26	32
27	33
28	34
29	35
30	36
31	37,38
32	39,40
33	41
34	42
35	43,45
36	46
37	47
38	48
39	49,50
40	51
41,42	52
43	53
44	54
45	55
46	56
47	57
48	58,59
49	60
50	61
51	62
52	63
53	64,65
54	66
55,56	67
57	68,69
58	70
59	71
60	72
61	73
62	74
63,64	75
65	76
66	77
67	78,79
68	80
69	81
70	82
71	83
72,73	84
74	85
75	86
76	87
77,78	88
79	89
80	90,91
81	92,93
82	94
83	95
84	96
85	97
86	98
87	99
88	100,102
89	103
90	104
91	105
92	106
93	107,109
94	110
95	111
96	112
97	113
98,99	114,115
100	116
101	117
102	118
103	119
104	120
105	121
106	122
107	123,124
108	125
109	126
110	127,128
111	129,130
112	131
113,115	132
116	133
117	134,135
118	136,137
119	138
120	139
121	140
122	141,142
123	143
124	144,145
125	146
126	147
127	148,149
128	150
129,130	151
131,132	152,154
-1	155
133	156,157
134	158
135	159
136	160
137	161
138	162,163
139	164
140	165
141	166
142	167
143	168
144	169
145	170
146	171
147	172
148	173,174
149,150	175
151	176
152	177
153	178
154	179
155	180
156,157	181
158,159	182
160	183
161,163	184
164	185
165,166	186
167,169	187
170	188
171	189
172	190
173	191
174	192
175	193
176	194
177	195
-1	196
178	197
179	198
180,182	199
183	200
184	201
185	202,203
186,187	204
188	205,206
189	207,208
190	209
191,192	210
193	211
194,195	212
196,197	213
198	214,215
199,201	216,217
202,203	218
204	219
205,207	220
208	221
209	222
210	223
211	224
212,213	225
214	226
215	227
216	228
217	229
218	230
219,220	231,232
221	233
222	234
223	235
224	236
225	237
226,227	238
228	239
229,230	240,241
231	242
232,233	243
234	244
235	245
236	246
237	247,249
238	250
239	251
240	252
241,243	253
244	254
245	255
246	256
247	257
248	258
249	259
250	260,261
251	262,263
252	264
253	265
254,255	266,267
256	268
257	269
258	270
259	271,272
260	273,274
261	275
262,263	276
264	277
265	278
266,267	279
268	280
269,270	281
271	282
272,273	283
274	284
275	285,286
276	287
277	288
278	289,290
279	291
280	292
281	293
282	294
283	295
284	296
285	297
286	298,301
287	302
288	303
289	304
290	305,306
291	307,308
292	309,310
293	311
294	312
295	313
296	314,316
297	317,320
298	321
299	322
300	323,324
301	325
302,303	326
304	327
305	328
306	329
307	330
308	331,332
309	333
310	334,335
311	336
312	337
313	338,339
314	340
315	341
316	342,343
317	344
318	345
319	346
320	347
321	348
322,323	349,350
324	351
325	352
326	353,354
327	355,356
328	357
329	358
330	359
331	360
332	361
333	362
334	363
335	364
336	365
337	366,367
338	368,369
339,340	370
341,343	371
344	372
345,346	373
347	374
348	375
349	376
350,352	377
353	378
354	379
355,357	380
358	381,382
359	383
360,361	384,385
362	386
363	387,388
364	389
365	390,391
366	392,393
367	394
368	395
369	396
370	397
371	398
372,373	399
374	400
375	401
376	402
377,378	403
379	404
380	405,406
381,382	407
383	408,409
384	410
385	411
386,387	412
388	413
389	414
390	415,416
391	417
392	418
393	419
394	420
395	421
396,397	422,423
398	424
399	425
400	426
401	427
402,403	428
404	429,431
405	432,433
406	434
407	435
408,409	436
410	437
411,412	438
413	439
414	440
415	441
416	442
417	443
418	444
419	445
420	446,447
421	448
422	449
423	450
424	451
425	452
426	453
427	454
428	455
429	456
430	457
431,433	458
434	459
435	460
436	461,462
437	463
438	464
439	465
440	466
441,442	467,469
443	470
444,445	471
446	472
447,449	473,474
450,452	475
453	476
454	477
455	478
456	479
457	480
458	481
459	482
460,461	483,484
462	485
463	486,487
464	488
465	489
466	490
467,468	491
469	492,493
470,471	494
472	495
473	496
474,475	497
476	498
477,478	499
479,480	500
481,482	501
483,484	502
485	503
486	504
487	505
488,489	506
490	507
491	508
492	509
493	510
494,495	511
496	512
497	513
498,499	514,515
500	516
501	517
502,503	518,519
504	520
505	521
506	-1
507	522
508	523
509,510	524
511,512	525
513	526
514	527
515	528
516,517	529
518	530
519,520	531,532
521	533
522	534
523	535
524	536
525,526	537
527	538,539
528	540,541
529	542,543
530	544
531	545
532	546,547
533,534	548
535	549
536	550
537	551
538	552
539	553,554
540,541	555,556
542	557
543	558
544	559
545	560
546	561
547	562
548	563
549	564
550	565,566
551	567
552	568
553	569
554	570,571
555	572
556	573
557	574,575
558,559	576
560	577
561	578,579
562	580
563	581
564	582
565	583
566,567	584,585
568	586,587
569,570	588
571	589
572,573	590,591
574	592
575	593
576	594,595
577	596
578	597
579	598
580,582	599
583	600,601
584,585	602
586	603
587,588	604
589	605
590,591	606,608
592,593	609,611
594	612
595	613
596	614
597	615,616
598	617
599	618
600,601	619
602,604	620
605	-1
606	621
607	622
608	623
609	624
610	625
611	626
612	627
613	628
614	629,630
615	631
616	632,633
617	634
618	635
619	636
620,622	637
623	638
624,625	639,641
626	642
627	643
628	644
629	645
630,631	646,647
632	648
633	649
634,635	650,651
636,637	652
638,639	653
640	654
641	655,656
642,643	657
644	658
645,646	659
647,648	660
649	661,662
650	663
651,652	664
653	665
654	666
655	667
656	668
657	669
658,659	670,671
660,661	672
662	673
663,664	674
665,666	675
667,669	676,677
670	678
671	679,680
672	681
673	682
674	683
675	684
676	685
677	686
678	687
679	688,689
680	690,691
681	692
682	693
683	694
684	695,696
685	697
686	698,699
687	700
688	701
689	702
690	703
691	704
692	705
693	706
694	707
695	708
696	709
697	710
698	711
699	712
700	713
701	714
702	715
703	716
704	717,718
705	719
706	720
707	721
708	722
709	723,724
710	725
711	726,727
-1	728
712	729,730
713	731,732
714	733
715	734
716,717	735
718	736
719	737
720	738
721	739
722	740
723	741
724	742
725	743
726	744
727,729	745
730	746
731	747
732	748,749
733	750
734,735	751,752
736	753
737,738	754
739	755
740	756
741	757,759
742	760
743	761
744	762,763
745	764
746	765,766
747	767
748	768
749	769
750	770
751	771
752	772
753	773,775
754	776,777
755	778,779
756	780
757	781
758	782
759,760	783,784
761	785,787
762	788
763	789
