0,1	0
2	1
3	2
4	3
5	4
6	5
7	6
8	7
9	8
10,11	9
12,14	10
15	11
16	12
17	13
18	14
19	15
20	16
21	17
22	18
23	19
24	20
25	21
26	22
27	23
28	24
29	25
30	26
31	27
32	28
33	29
34	30
35	31
36	32
37	33
38	34
39	35
40	36
41	-1
42,43	37
44,45	38
46	39
47	40
48	41
49	42
50	43
51	44
52	45
53	46
54	47
55	48
56,57	49
58	50
59	51
60	52
61,62	53
63	54
64	55
65	56
66	57
67	58
68	59
69	60
70	61
71	62
72	63
73	64
74,75	65
76,77	66
78	67
79	68
80	69
81	70
82	71
83	72
84	73
85	74
86	75
87	76
88	77
89,90	78
91,92	79
93	80
94	81
95,96	82
97	83
98	84
99	85
100	86
101,102	87
103	88
104	89
105	90
106	91
107	92
108	93
109	94
110	95
111	96
112	97
113	98
114	99
115	100
116	101
117	102
118	103
119	104
120,121	105
122	106
123	107
124	108
125	109
126	110
127	111
128	112
129	113
130	114
131	115
132	116,117
133	118
134	119
135	120
136	121
137	122
138	123
139	124
140	125
141	126
142	127
143	128
144	129
145,146	130
147,148	131
149	132
150	133
151	134
152	135
153	136
154	137
155	138
156	139
157	140
158	141
159	142
160,161	143
162	144
163	145
164	146
165	147
166	148
167	149
168	150
169	151
170	152
171	153
172	154
173	155
174,175	156
176	157
177	158
178	159
179	160
180	161
181	162
182	163
183	164
184	165
185	166
186	167
187	168
188	169
189	-1
190,191	170
192	171
193	172
194	173
195	174
196	175
197	176
198	177
199	178
200	179
201	180
202	181
203	182
204,206	183
207	184
208	185
209	186
210	187
211	188
212	189
213	190
214,215	191
216,217	192
218	193
219	194,195
220	196
221,222	197
223	198
224	199
225,226	200,201
227	202
228	203
229	204
230	205
231	206
232	207
233	208
234	209
235	210
236	211
237	212
238	213,214
239	215
240	216
241,242	217
243	218
244	219
245	220
246	221
247	222
248	223
249	224
250	225
251	226
252	227
253	228
254	229
255	230
256	231
257	232
258	233
259	234
260	235
261	236
262	237
263	238
264,265	239
266	240
267	241
268,269	242
270	243
271	244
272	245
273	246,247
274	248
275	249
276	250
277	251
278	252
279	253
280	254
281	255
282	256
283	257
284	258
285	259
286	260
287,288	261,262
289	263
290	264
291	265
292,293	266
294	267
295	268
296	269
297	270
298	271
299	272
300	-1
301,302	273
303	274
304	275
305	276
306	277
307	278
308	279
309	280
310	281
311	282
312	283
313	284
314	285
315	286
316	287
317	288
318	289
319	290
320	291
321,322	292
323	293
324	294
325	295
326	296
327	297
328	298
329	299
330	300
331	301
332	302
333	303
334	304,305
335	306
336	307
337	308
338	309
339	310
340	311
341	312
342	313
343	314
344,345	315
346	316
347	317
348	318
349	319
350	320
351,352	321
353	322
354	323
355	324
356	325
357	326
-1	327
358	328
359	329
360	330
361	331
362	332
-1	333
363	334
364	335
365	336
366	337
367	338
368	339
369	340
370	341
371,372	342
373	343
374	344
375	345
376	346
377,378	347
379	348
380	349
381	350
382	351
383	352
384	353
385	354
386	355
387	356
388	357
389	358
390,391	359
392	360
393	361
394,395	362
396	363
397	364
398	365
399	366
400	367
401	368
402	369
403	370
404	371
405	372
406	373
407	374
408	375
409	376,377
410	378
411	379
412	380
413	381
414	382
415	383
416	384
417	385
418	386
419	387
420,421	388
422	389
423	390
424	391
425	392
426	393
427	394
428	395
429	396
430	397
431	398
432	399
433	400
434	401
435	402
436	403
437	404
438	405
439	406
440	407
441	408
442	409
443	410
444	411
445	412
446	413
447	414
448	415
449	416
450	417
451	418
452	419
453	-1
454,455	420
456	421
457	422
458	423
459	424
460,461	425
462,463	426
464	427
465	428
466	429
467	430
468	431
469	432
470	433
471,472	434
473	435
474	436
475,476	437
477	438,439
478	440
479	441
480	442
481	443
482	444
483,484	445,446
485	447
486	448
487	449
488	450
489	451
490	452
491	453
492	454
493	455
494	456
495	457
496	458
497	459
498	460
499	461
500	462
501	463,464
502,503	465
504	466
505	467
506	468
507,508	469
509,510	470,471
511	472
512	473,474
513	475,476
514	477,478
515	479
516	480
517	481
518,519	482
520	483
521	484
522	485
523	486
524	487
525	488
526,527	489
528	490
529,530	491
531	492
532	493
533	494
534	495,496
535,536	497
537	498
538	499
539	500
540	501
541	502
542	503
543	504
544	505
545	506
546	507
547	508
548	509
549	510
550,551	511
552	512
553	513
554	514
555	515
556	516
557	517
558	518
559	519
560	520
561	521,522
562	523
563	524
564	525,526
565	527
566	528
567	529
568	530
569	531
570	532
571	533
572	534
573	535
574,575	536
576	537
577	538
578	539
579	540
580	541
581	542
582	543
583	544
584	545,546
585	547
586	548,549
587	550
588	551,552
589	553
590	554
591	555
592,593	556
594	557
595	558
596	559
597	560
598	561
599	562
600	563,564
601	565
602	566
603	567
604,605	568
606	569
607	570
608	571
609	572
610	573
611	574
612,613	575
614	576
615	577
616	578
617	579
618	580,581
619	582
620	583
621	584
622	585
623,624	586
625	587
626	588
627	-1
628	589,590
629,630	591
631	592
632	593
633	594
634	-1
635	595
636	596
637	597
638	598
639	599
640	600
641	601
642	602
643,644	603
645	604
646	605
647	606
648	607
649	608
650	609
651	610
652	611
653	612
654	613
655	614
656	615
657	616
658	617
659	618
660	619
661,662	620
663	621
664	622
665	623
666	624
667	625
668	626
669,670	627
671	628
672	629
673	630
674	631
675	632
676	633
677	634
678	635
679	636,637
680,681	638
682	639
683	640
684	641
685	642
686	643
687	644
688	645
689	646
690	647
691	648
692	649
693	-1
694	650
695	651
696	652
697	653
698	654
699	655
700	656
701	657
702	658
703	659
704	660
705	661
706	662
707	663
708,709	664
710	665
711	666
712	667
713	668
714	669,670
715	671
716	672
717	673
718	674
719	675
720	676
721	677
722	678,679
723	680
724,725	681
726	682
727	683
728	684,685
729	686
730	687
731	688
732	689
733	690
734	691
735	692
736	-1
737	693,694
738	695
739	696
740	697
741	698
742	699
743	700
744	701
745	702
746	703
747	704
748	705
749	706
750,751	707
752	708
753	709
754	710
755	711
756	712
757	713
758	714
759	715
760	716
761	717
762	718
763	719
764	720
765	721
766	722
767	723
768	724
769	725
770,771	726
772	727
773	728
774	729
775	730
776,777	731
778	732
779	733
780	734
781	735
782	736,737
783	738
784	739,740
785	741
786	742
787	743
788	744
789	745
790	746
791	747
792	748
793	749
794	750,751
795	752
796	753
797	754
798	755
799	756,757
800	758
801	759
802	760
803	761
804	762
805	763
806	764
807	765
808	766
809	767
810	-1
811	768
812	769
813	770
814	771
815	772
816	773
817	774
818	775
819	776
820	777
821	778
822	779
823	780
824	781
825	782
826	783
827	784
828	785
829	786
830	787
831	788
832	789
833	790
834	791
835,836	792
837	793
838	794
839	795
840	796,797
841	798
842	799
843	800,801
844	802
845	803
846,847	804
848	805
849	806
850	807
851	808
852	809
853	810,811
854	812
855	813
856	814
857	815
858	816
859	817
860	818
861	819
862	820
863	821
864	822
865	823
866	824
867	825
868	826
869	827
870	828
871	829
872	830
873	831
874	832
875	-1
876	833
877	834
878	835,836
879	837
880	838
881	839
882	840
883	841
884	842
885	843
886,887	844
888	845
889	846
890	847
891,892	848
893	849
894,895	850
896	851
897	852
898	853
899	854
900	855
901	856,857
902	858
903	859
904	860
905	861
906	862
907	863,864
908	865
909	866,868
910	869
911	870
912	871
913	872
914	873
915	874
916	875,877
917	878
918	879,880
919	881
920	882
921	883
922	884
923	885
924,925	886
926,927	887
928	888
929	889
930	890
931	891
932	892
933	893
934	-1
935	894
936	895
937	896
938	897
939	898
940	899
941,942	900
943	-1
944	-1
945	-1
946	-1
947	-1
948	-1
949	-1
950	-1
951	-1
952	-1
953	-1
954	-1
955	-1
956	-1
957	-1
958	-1
959	-1
960	-1
961	-1
962	-1
963	-1
964	-1
965	-1
966	-1
967	-1
968	-1
969	-1
970	-1
971	-1
972	-1
973	-1
974	-1
975	-1
976	-1
977	-1
978	-1
979	-1
980	-1
981	-1
982	-1
983	-1
984	-1
985	-1
986	901
987	902
988	903
989	904
990	905
991	906
992	907
993	908,909
994	910
995	911,912
996	913
997	914
998	915
999	916
1000	917
1001	-1
1002	918
1003	919
1004	920
1005,1007	921
1008	922
1009,1010	923,924
1011	925
1012	926
1013	927
1014,1015	928
1016	929
1017	-1
1018,1019	930
1020	931
1021	932
1022	933
1023	934
1024,1025	935
1026	936
1027	937
1028	938
1029,1030	939
1031	940,941
1032	942
1033	943
1034	944
1035	945
1036	946
1037	947
1038	948
1039	949
1040,1041	950
1042	951
1043	952
1044	953
1045	954
1046	955
1047	956
1048	-1
1049	-1
1050	-1
1051	-1
1052	-1
1053	-1
1054	-1
1055	-1
1056	-1
1057	-1
1058	-1
1059	-1
1060	-1
1061	-1
1062	-1
1063	-1
1064	-1
1065	-1
1066	-1
1067	-1
1068	957
1069	958
1070	959
1071	960
1072	961
1073	962
1074	963
1075	964
1076	965
1077	966
1078	967
1079	968
1080	969
1081	970
1082	971
1083	972
1084	973
1085	974
1086	975
1087	976
1088	977
1089	978
1090	979
1091	980
1092	981
1093	982
1094	983
1095	984
1096	985
1097	986
1098	987
1099	988
1100	989
1101	990
1102	-1
1103	-1
1104	-1
1105	-1
1106	-1
1107	-1
1108	-1
1109	-1
1110	-1
1111	-1
1112	-1
1113	-1
1114	-1
1115	991
1116	992
1117	993
1118	994
1119,1120	995
1121	996
1122	997
1123	998
1124	999
1125	1000
1126	1001
1127,1128	1002
1129	1003
1130	1004
1131	1005
1132	1006
1133	1007
1134	1008
1135	1009
1136	1010
1137	1011
1138	1012
1139	1013
1140,1142	1014,1015
1143	1016
1144	1017
1145	1018
1146	1019
1147	1020
1148	1021
1149	1022
1150	1023,1024
1151	1025
1152	1026
1153	1027
1154	1028
1155	1029
1156	1030
1157	1031
1158	-1
1159	-1
1160	-1
1161	-1
1162	-1
1163	-1
1164	-1
1165	-1
1166	-1
1167	-1
1168	-1
1169	-1
1170	-1
1171	-1
1172	-1
1173	-1
1174	-1
1175	-1
1176	-1
1177	-1
1178	-1
1179	-1
1180	-1
1181	-1
1182	1032
1183	1033
1184	1034
1185	1035
1186	1036
1187	1037
1188	1038
1189	1039
1190	1040
1191	1041
1192	1042
1193	1043
1194	1044
1195	1045
1196	1046
1197	1047
1198	1048
1199	1049
1200	1050
1201	1051
1202	1052
1203	1053
1204	1054
1205	1055
1206	1056
1207	1057
1208	1058
1209	1059
1210	1060
1211	1061
1212	1062
1213	1063
1214	1064,1065
1215	1066
1216	1067
1217	1068
1218	1069
1219	1070,1071
1220	1072
1221	1073
1222	1074
1223	1075,1076
1224	1077
1225	1078
1226	1079
1227	1080
1228	1081,1082
1229	1083
1230	1084
1231	1085
1232	1086
1233	1087
1234	1088
1235	1089
1236	1090
1237	1091
-1	1092
-1	1093
-1	1094
1238	1095
1239	1096
1240	1097
1241	1098
1242	1099
1243	1100
1244	1101
1245	1102
1246,1247	1103
1248	1104,1105
1249	1106
1250	1107
1251	1108
1252	1109
1253,1254	1110
1255	1111
1256	1112
1257	1113
1258	1114
1259	1115
1260	1116
1261	1117,1118
1262	1119
1263	1120,1121
1264	1122
1265	1123
1266	1124
1267	1125
1268	1126
1269	1127
1270	1128
1271	1129
1272	-1
1273	-1
1274	-1
1275	-1
1276	-1
1277	-1
1278	-1
1279	-1
1280	-1
1281	-1
1282	-1
1283	-1
1284	-1
1285	-1
1286	-1
1287	-1
1288	-1
1289	-1
1290	-1
1291	-1
1292	-1
1293	-1
1294	-1
1295	-1
1296	-1
1297	-1
1298	-1
1299	-1
1300	-1
1301	-1
1302	-1
1303,1304	1130
1305	1131
1306	1132
1307	1133
1308	1134
1309	-1
1310	1135
1311	1136
1312	1137,1138
1313	1139
1314	1140,1141
1315	1142
1316	1143
1317,1318	1144
1319	1145
1320	1146
1321	1147
