0	0,1
1	2
2	3
3	4
4	5
5	6
6	7
7	8
8	9
9	10
10	11,14
11	15
12	16
13	17
14	18
15	19
16,17	20
18	21
19	22
20	23
21	24
22	25
23	26
24	27
25	28
26	29
27	30
28	31
29	32
30	33
31	34
32	35
33	36
34	37
35	38
36	39
-1	40
37	41
38	42,43
39	44
40	45
41	46
42	47
43	48
44	49
45	50
46	51,52
47	53
48	54
49	55
50	56
51	57
52	58
53	59
54	60,61
55	62
56	63
57	64
58	65
59	66
60	67,68
61	69
62	70
63	71
64	72
65	73
66	74,75
67	76
68	77
69	78
70	79
71	80
72	81
73	82
74	83
75	84
76	85
77	86
78	87
79	88,89
80	90
81	91
82	92
83	93
84	94
85	95
86	96
87	97
88	98
89	99
90	100
91	101
92	102
93	103
94	104
95	105
96	106
97	107
98	108
99	109
100	110
101	111
102	112
103	113
104	114
105	115
106	116,117
107	118
108	119
109	120,121
110	122
111	123,124
112	125
113	126
114	127
115	128
116	129,130
117	131
118	132
119	133
120	134
121	135
122	136
123	137
124	138
125	139,140
126	141
127	142,143
128	144
129	145
130	146
131	147,148
132	149
133	150
134	151,152
135	153
136,137	154,155
138	156
139	157
140	158
141	159
142	160
143,144	161
145	162
146	163
147	164
148	165
149	166
150	167
151	168
152	169
153	170
154	171
155	172
156	173,175
157	176
158	177
159	178
160	179
161	180
162	181
163	182
164	183
165	184,185
166	186
167	187
168	188
169	189
170	190,191
171	192
172	193
173	194
174	195
175	196
176	197
177	198
178	199
179	200
180	201
181	202
182	203
183	-1
184	204
185	205
186,187	206
188	207
189	208
190	209
191	210
192	211,212
193	213
194	214
195	215
196	216
197	217
198	218,219
199	220
200	221
201	222
202	223
203	224
204	225
205	226
206	227
207	228
208,209	229
210	230,231
211	232
212	233
213	234
214	235
215	236
216	237
217	238,239
218	240
219	241
220	242
221	243
222	244
223	245
224	246
225	247
226	248
227	249
228	250
229	251
230	252
231	253
232	254
233	255
234	256
235	257
236	258
237,238	259
239	260
240	261,262
241	263
242	264
243	265
244	266
245	267
246	268
247	269
248	270
249	271
250	272
251	273
252	274
253	275
254	276
255	277
256	278
257	279
258	280
259	281
260	282
261	283
262	284
263	285,286
264	287
265	288
266	289
267	290
268	291
269	292
270	293
271	294
272	295
273	296,297
274	298
275	299
276	300
277	301
278	302
279	303
280	304
281	305
282	306
283	307
284	308
285	309
286	310,311
287	312
288	313
289	314
290	315
291	316
292	317
293	318
294	319
295	320
296	321
297	322
298	323
299	324
300	325
301	326
302	327
303	328
304,305	329
306	330
307	331
308	332
309	333
310	334
311	335
312	336
313	337
314	338
315	339
316	340,341
317	342
318	343
319,321	344
322,324	345
325	346
326	347
327	-1
328	348,349
329	350,351
330	352
331	353
332	354
333	-1
334	355,356
335	357
336	358
337	359
338	360
339	361
340	362
341	363,364
342	365
343	366
344	367
345	368
346	369
347	370
348	371
349	372
350	373
351	374
352	375
353	376
354	377
355	378
356	379
357	380
358	381
359	382
360	383,384
361	385
362	386
363	387
364	388
365	389
366	390
367	391
368	392
369	393,394
370	395
371	396
372	397
373	398
374	399
375	400
376	401
377	402
378	403
379	404
380	405
381	406
382	407
383	408
384	409
385	410
386	411
387	412
388	413
389	414,415
390	416
391	417
392	418
393	419
394	420
395	421
396	422
397	423
398	424
399	425
400	426
401	427,428
402	429
403	430
404	431
405	432
406	433
407	434
408	435
409	436
410	437
411	438
412	439
413	440
414	441
415	442
416	443
417	444,445
418	446
419	447
420	448,449
421	450,451
422	452
423	453,454
424	455
425	456
426	457,458
427	459
428	460
429	461
430	462
431	463
432	464
433	465
434	466,467
435	468,469
436	470,471
437	472,473
438	474,475
439	476
440	477
441	478,479
442	480
443	481
444	482
445	483
446	484
447	485
448	486
449	487
450	488
451	489
452	490
453	491
454	492
455	493
456	494
457	495
458	496
459	497
460	498,499
461	500
462	501
463	502
464,465	503
466	504
467	505
468	506
469	507
470	508,509
471	510
472	511
473	512
474	513
475	514
476	515
477	516
478	517
479	518
480	519
481	520
482	521
483	522
484	523
485	524
486	525
487	526
488	527
489	528,529
490	530,531
491	532
492	533
493	534
494	535
495	536
496	537
497	538
498	539,540
499	541
500	542,543
501	544
502	545
503	546,547
504	548
505	549
506	550
507	551
508	552
509	553,554
510	555
511	556,557
512	558,559
513	560
514	561,562
515	563
516	564
517	565
518	566
519	567
520	568,569
521	570
522	571
523	572
524	573
525	574
526	575,576
527	577,578
528	579
529	580,581
530	582
531	583
532	584,585
533	586
534	587
535	588
536	589,590
537	591
538	592
539	593
540	594
541	595
542	596
543	597
544	598
545	599
546	600
547	601
548	602
549	603
550	604
551	605,606
552	607
553	608
554	609
555	610,612
556	613,614
557	615,616
558	617
559	618,619
560	620
561	621
562	622,623
563	624
564	625
565	626
566	627
567	628
568	629
569	630,631
570	632,633
571	634
572,573	635
574	636
575	637,639
576	640,641
577,578	642
579	643
580	644
581	645
582	646,647
583	648
584	649
585	650
586	651
587	652
588	653
589	654
590	655,656
591	657,658
592	659
593	660,661
594	662
595	663,664
596	665
597	666
598	667
599	668
600	669,670
601	671,672
602	673
603	674
604	675,677
605	678
606	679
607	680
608	681
609	682
610	683,684
611	685
612	686
613	687
614	688
615	689
616	690
617	691,692
618	693
619	694
620	695
621	696,697
622	698
623	699
624	700
625	701
626	702
627	703
628	704,705
629	706
630	707
631	708,709
632	710
633	711,712
634	713
635	714
636	715
637	716
638	717
639	718
640	719
641	720
642	721
643	722,723
644	724
645	725,726
646	727
647	728
648	729
649	730
650	731,732
651	733
652	734
653	735
654	736
655	737
656	738
657	739
658	740
659	741
660	742
661	743
662	744
663	745
664	746,748
665	749
666	750
667	751
668	752
669	753
670	754
671	755
672	756
673	757
674	758
675	759
676	760
677	761
678	762,763
679	764
680	765
681	766
682	767,768
683	769
684	770
685	771
686	772
687	773
688	774
689	775
690	776
691	777
692	778
693	779,780
694	781
695	782
696	783
697	784
698	785
699	786
700	787
701	788
702	789
703	790,791
704	792,793
705	794
706,707	795
708	796,798
709	799
710	800
711	801
712	802
713	803
714	804,805
715	806
716	807
717	808
718	809
719	810
720	811
721	812
722	813
723	814
724	815
725	816
726	817
727	818,819
728	820
729	821
730	822
731	823,824
732	825
733	826
734	827
735	828
736	829
737	830
738	831
739	832
740	833
741	834
742	835
743	836
744	837
745	838
746	839
747	840
748	841
749	842
750	843
751	844
752	845
753	846,847
754	848
755	849
756	850
757	851
758	852
759	853
760	854
761	855
762	856,857
763	858
764	859
765	860
766	861
767	862
768	863,864
769	865
770	866
771	867
772	868
773	869
774	870,871
775	872
776	873
777	874
778	875,876
779	877
780	878
781	879
782	880
783	881
784	882,883
785	884
786	885
787	886
788	887,888
789	889
790	890
791	891
792	892
793	893,894
794	895
795	896
796	897
797	898
798	899
799	900
800	901
801	902
802	903
803	904
804	905
805	906,907
806	908
807	909
808	910
809	911
810	912
811	913
812	914
813	915
814	916
815	917,918
816	919,920
817	921
818	922
819	923,924
820	925
821	926
822	927
823	928
824	929
825	930
826	931
827	932
828	933,934
829	935
830	936
831	937
832	938
833	939,940
834	941
835	942
836	943
837	944
838	945
839	946
840	947
841	948
842	949
843	950,951
844	952
845	953
846	954
847	955,956
848	957
849	958
850	959
851	960
852	961
853	962
854	963
855	964
856	965
857,858	966
859	967
860	968
861	969
862	970
863,864	971
865	972
866,867	973
868	974
869	975
870	976
871	977
872	978
873,874	979
875,878	980
879	981
880	982
