0	0
1	1
2	2
3	3
4	4
5	5
6	6
7	7
8	8
9	9
10	10
11	11
12	12
13	13
14	14
15	15
16	16
17,18	17
19	18
20	19
21	20
22	21
23	22
24	23
25	24
26	25
27	26
28	27
29	28
30	29
31	30
32	31
33	32
34	33
35	34
36	35
37	36
38	37
39	38
40	39
41	40
42	41
43	42
44	43
45	44
46	45
47	46
48	47
49	48
50	49
51	50
52	51
53	52
54	53
55	54
56	55
57	56
58	57
59	58
60	59
61	60
62	61
63	62
64	63
65	64
66	65
67	66
68	67
69	68
70	69
71	70
72	71
73	72
74	73
75	74
76	75
77	76
78	77
79	78
80	79
81	80
82	81
83	82,83
84	84
85	85
86	86
87	87
88	88
89	89
90	90
91	91
92	92
93	93
94	94
95	95
96	96
97	97
98	98
99	99
100	100
101	101
102	102
103	103
104	104
105	105
106	106
107	107
108	108
109	109
110	110
111	111
112	112
113	113
114	114
115	115
116	116
117	117
118,119	118,119
120	120
121	121
122	122
123	123
124	124
125	125
126	126
127	127
128	128
129	129,130
130	131
131	132
132	133
133	134
134	135
135	136
136	137
137	138
138	139
139	140,141
140	142
141	143
142	144
143	145
144	146
145	147
146	148
147	149
148	150
149	151
150	152
151	153
152	154
153	155
154	156
155	157,158
156	159
157	160
158	161
159	162
160	163
161	164,165
162	166
163	167
164	168
165	169
166	170
167	171
168	172
169	173
170	174
171	175
172	176
173	177
174	178
175	179
176	180
177	181
178	182
179	183
180	184
181	185
182	186
183	187
184	188
185	189
186	190
187,188	191
189	192,193
190	194
191	195
192	196
193	197
194	198
195	199
196	200
197	201
198	202
199,200	203,204
201	205
202	206
203	207
204	208
205,207	209,210
208	211
209	212
210	213,214
211	215
212	216
213	217
214	218
215	219
216	220
217	221
218	222
219,220	223,224
221	225
222	226
223	227
224	228,229
225	230
226	231
227	232
228	233
229	234
230	235
231	236
232	237
233	238
234	239
235	240
236	241
237	242
238	243
239	244
240	245
241	246
242	247
243	248
244	249
245	250
246	251
247	252,253
248	254
249	255
250	256
251	257
252,253	258,259
254	260
255	261
256	262
257	263
258	264
259	265
260	266
261	267
262,263	268,270
264	271
265	272
266	273
267,268	274,276
269	277
270	278
271	279
272	280
273	281
274	282
275	283
276	284,285
277	286
278	287
279	288
280	289
281	290
282	291
283	292
284	293
285	294
286	295
287	296
288	297
289	298
290	299
291	300
292,293	301,302
294	303
295	304
296	305
297	306
298	307
299	308,309
300	310
301	311,312
302	313
303	314
304	315,316
305	317
306	318
307,308	319,320
309	321,322
310	323
311	324
312	325
313	326
314	327
315	328
316	329
317	330
318	331
319	332
320	333
321	334
322	335
323	336
324	337
325	338
326	339
327	340
328	341
329,330	342
331	343
332	344
333	345
334	346
335	347
336	348
337	349
338	350
339	351,352
340	353
341	354
342	355
343	356
344	357,358
345	359
346	360
347	361
348	362
349	363
350	364
351	365
352	366
353	367
354	368
355	369
356	370
357	371
358	372
359	373
360	374,375
361	376
362	377
363	378,379
364	380
365	381
366	382
367	383
368	384
369	385
370	386
371	387
372	388
373	389
374	390
375	391
376	392
377	393
378	394
379	395
380	396
381	397
382	398
383	399
384	400
385	401
386	402
387	403
388	404,405
389	406
390	407
391	408
392	409
393	410
394	411
395	412
396	413
397	414
398	415
399	416
400,401	417,418
402	419
403	420
404	421
405	422
406	423
407	424
408	425
409	426
410	427
411	428
412	429
413	430
414	431
415	432
416	433
417,418	434
419	435
420	436
421	437,438
422	439
423	440
424	441
425	442
426	443
427	444,445
428	446
429	447
430	448
431	449
432	450
433	451
434	452
435	453
436	454
437	455
438	456,457
439	458
440	459,460
441	461
442	462
443	463
444	464
445	465
446	466
447	467
448	468
449	469
450	470
451	471
452	472
453	473
454	474
455	475
456	476
457	477
458	478
459	479
460	480
461	481
462	482
463	483
464	484
465	485
466	486
467	487
468	488
469	489
470	490
471	491
472	492
473	493
474	494
475	495
476	496
477	497
478	498
479	499
480	500,501
481	502
482	503
483	504
484	505
485	506
486	507
487	508
488	509
489	510
490	511
491	512
492	513
493	514
494	515
495	516
496	517
497	518
498	519
499,500	520,521
501	522
502	523
503	524
504	525
505	526
506	527
507	528
508	529
509	530
510	531
511	532
512	533
513	534
514	535
515	536,537
516	538
517,518	539,540
519	541
520	542
521	543
522	544
523	545
524	546
525,526	547,548
527	549
528	550
529	551
530	552
531	553
532	554
533	555
534	556
535	557
536	558
537	559
538	560
539	561
540	562
541	563
542	564
543	565
544	566
545	567
546	568
547	569
548	570
549	571
550	572
551	573
552	574
553	575
554	576
555	577
556	578
557	579
558	580
559	581
560	582
561	583
562	584
563	585
564	586
565	587
566	588
567	589
568	590
569	591
570	592
571	593
572	594
573	595
574	596
575	597
576	598
577	599
578	600
579	601
580	602
581	603
582	604
583	605
584	606
585	607
586	608
587	609
588	610
589	611
590	612
591	613
592	614
593	615
594	616
595	617
596	618
597	619
598	620
599	621
600	622
601	623
602	624
603	625
604	626
605	627
606	628
607	629
608	630
609	631
610	632
611	633
612	634
613	635
614	636
615	637
616	638
617	639
618	640
619	641
620	642
621	643
622	644
623	645
624	646
625	647
626	648
627	649
628	650
629	651
630	652
631	653
632	654
633	655
634	656
635	657
636	658
637	659
638	660
639	661
640	662
641	663
642	664
643	665
644	666
645	667
646	668
647	669
648	670
649	671
650	672
651	673
652	674
653	675
654	676
655	677
656	678
657	679
658,659	680
660	681
661	682
662	683
663	684
664	685
665	686
666	687
667	688
668	689
669	690
670	691
671	692
672	693
673	694
674	695
675	696
676	697
677	698
678	699
679	700
680	701
681	702
682	703
683	704
684	705
685	706
686	707
687	708
688	709
689	710
690	711
691	712
692	713
693	714
694	715
695	716
696	717
697	718
698	719
699	720
700	721
701	722
702	723
703	724
704	725
705	726
706	727
707	728
708	729
709	730
710	731
711	732
712	733
713	734
714	735
715	736
716	737
717	738
718	739
719	740
720	741
721	742
722,723	743
724,725	744,745
726	746
727	747
728	748
729	749
730	750
731	751
732	752
733	753
734	754
735	755
736	756
737	757
738	758
739	759
740	760
741	761
742	762
743	763
744	764
745	765
746	766
747	767
748	768
749	769
750,751	770
752,753	771,772
754	773
755	774
756	775
757	776
758	777
759	778
760	779
761	780
762	781
763	782
764	783
765	784
766	785
767	786
768	787
769	788,789
770	790
771	791
772	792
773	793
774	794
775	795
776	796
777	797
778	798
779	799
780	800
781	801
782	802
783	803
784	804
785	805
786	806
787	807
788	808
789	809
790	810
791	811
792	812
793	813
794	814
795	815
796	816
797	817
798	818
799	819
800	820
801	821
802	822
803	823
804	824
805	825
806	826
807	827
808	828
809	829
810	830
811	831
812	832
813	833
814	834
815	835
816	836,837
817	838
818	839,840
819	841
820	842
821	843
822	844,845
823	846
824	847
825	848
826	849
827	850
828	851
829	852
830	853
831	854
832	855
833	856
834	857
835	858
836	859
837	860
838	861
839	862
840	863,864
841	865
842	866
843,844	867
845	868
846	869
847	870
848	871
849	872
850	873
851	874
852	875
853	876
854	877
855	878
856	879
857	880
858	881
859	882
860	883
861	884
862	885
863	886
864	887
865	888
866	889
867	890
868	891
869	892
870	893
871	894
872	895
873	896
874	897
875	898
876	899
877	900
878	901
879	902
880	903
881	904
882	905
883	906
884	907
885	908
886	909
887	910
888	911
889	912
890	913
891	914
892	915
893	916
894	917
895	918,919
896	920
897	921
898	922,923
899	924,925
900	926
901	927
902	928,929
903	930
904	931
905	932
906	933
907	934
908	935
909	936
910	937
911	938
912	939
913	940
914	941
915	942
916	943
917	944
918	945
919	946
920	947
921	948
922	949
923	950
924	951
925	952
926	953
927	954
928	955
929	956
930	957
931	958
932	959
933	960
934	961
935	962
936	963
937	964
938	965
939	966
940	967
941	968
942	969
943	970
944	971
945	972
946	973
947	974
948	975
949	976
950	977
951	978
952	979
953	980
954	981
955	982
956	983
957	984
958	985
959	986
960	987
961	988
962	989
963	990
964	991
965	992,994
966	995
967	996
968	997
969	998
970	999
971	1000
972	1001
973	1002
974	1003
975	1004
976	1005
977	1006,1007
978	1008,1010
979	1011,1012
980	1013
981	1014
982	1015
983	1016
984,985	1017,1018
986	1019
987	1020,1021
988	1022
989	1023
990	1024
991	1025
992	1026
993	1027
994	1028
995	1029
996	1030
997	1031
998	1032
999	1033
1000	1034
1001	1035
1002	1036
1003	1037
1004	1038
1005	1039
1006	1040
1007	1041
1008	1042
1009	1043
1010	1044
1011	1045
1012	1046
1013	1047
1014	1048
1015	1049
1016	1050
1017	1051
1018	1052
1019	1053
1020	1054
1021	1055
1022	1056
1023	1057
1024	1058
1025	1059
1026	1060
1027	1061
1028	1062
1029	1063
1030	1064
1031	1065
1032	1066
1033	1067
1034	1068
1035	1069
1036	1070
1037	1071
1038	1072
1039	1073
1040	1074
1041	1075
1042	1076
1043	1077
1044	1078
1045	1079
1046	1080
1047,1048	1081,1082
1049	1083
1050	1084
1051	1085
1052	1086
1053	1087
1054	1088
1055	1089
1056	1090
1057	1091
1058	1092
1059	1093
1060	1094
1061	1095
1062	1096
1063	1097
1064	1098
1065	1099
1066	1100
1067	1101
1068	1102
1069	1103
1070	1104
1071	1105,1106
1072	1107
1073	1108
1074	1109
1075,1077	1110
1078	1111
1079	1112
1080	1113
1081	1114
1082	1115
1083	1116
1084	1117
1085	1118
1086	1119
1087	1120
1088	1121
1089	1122
1090	1123
1091	1124
1092	1125
1093	1126
1094	1127
1095	1128
1096	1129
1097	1130
1098	1131
1099	1132
1100	1133
1101	1134
1102	1135
1103	1136
1104	1137
1105,1106	1138
1107	1139
1108	1140
1109	1141
1110	1142
1111	1143
1112	1144
1113	1145
1114	1146
1115	1147
1116	1148
1117	1149
1118	1150
1119	1151
1120	1152
1121	1153
1122	1154
1123	1155
1124	1156
1125	1157
1126	1158
1127	1159
1128	1160
1129	1161
1130	1162
1131	1163
1132	1164
1133	1165
1134	1166
1135	1167
1136	1168
1137	1169
1138	1170
1139	1171
1140	1172
1141	1173
1142	1174
1143	1175
1144	1176
1145	1177
1146	1178
1147	1179
1148	1180
1149	1181
1150	1182
1151	1183
1152	1184
1153	1185
1154	1186
1155,1156	1187
1157,1158	1188
1159	1189
1160	1190
1161	1191
1162	1192
1163	1193
1164	1194
1165	1195,1196
1166	1197
1167	1198
1168	1199
1169	1200
1170	1201
1171	1202
1172	1203
1173	1204
1174	1205
1175	1206
1176	1207
1177	1208
1178	1209
1179	1210
1180	1211
1181	1212
1182	1213
1183	1214
1184	1215
1185	1216
1186	1217
1187	1218
1188	1219
1189	1220
1190	1221
1191	1222
1192	1223
1193	1224
1194	1225
1195	1226,1227
1196	1228
1197	1229
1198	1230
1199	1231
1200	1232
1201	1233
1202	1234
1203	1235
1204,1205	1236
1206	1237
1207	1238
1208,1209	1239
1210	1240
1211	1241
1212	1242
1213	1243
1214	1244
1215	1245
1216	1246
1217	1247
1218	1248
1219	1249
1220	1250
1221	1251
1222	1252
1223	1253
1224	1254
1225	1255
1226	1256
1227	1257
1228	1258
1229	1259
1230	1260
1231	1261
1232	1262
1233	1263
1234	1264
1235	1265
1236,1237	1266
1238	1267
1239	1268
1240	1269
1241	1270
1242	1271
1243	1272
1244	1273
1245	1274
1246	1275
1247	1276
1248	1277
1249	1278
1250	1279
1251	1280
1252	1281
1253	1282
1254	1283
1255	1284
1256	1285
1257	1286
1258	1287
1259	1288
1260	1289
1261	1290
1262	1291,1293
1263	-1
1264	1294,1295
1265	1296
1266	1297
1267	1298
1268	1299
1269	1300
1270	1301
1271	1302
1272	1303
1273	1304
1274	1305
1275	-1
1276	-1
1277	-1
1278	-1
1279	-1
1280	-1
1281	-1
1282	-1
1283	-1
1284	-1
1285	-1
1286	-1
1287	-1
1288	-1
1289	-1
1290	-1
1291	-1
1292	-1
1293	-1
1294	-1
1295	-1
1296	-1
1297	-1
1298	-1
1299	-1
1300	-1
1301	-1
1302	-1
1303	-1
1304	-1
1305	-1
1306	-1
1307	-1
1308	-1
1309	-1
1310	-1
1311	-1
1312	-1
1313	-1
1314	-1
1315	-1
1316	-1
1317	-1
1318	-1
1319	-1
1320	-1
1321	-1
1322	-1
1323	-1
1324	-1
1325	-1
1326	-1
1327	-1
1328	-1
1329	-1
1330	-1
1331	-1
1332	-1
1333	-1
1334	-1
1335	-1
1336	-1
1337	-1
1338	-1
1339	-1
1340	-1
1341	-1
1342	-1
1343	-1
1344	-1
1345	-1
1346	-1
1347	-1
1348	-1
1349	-1
1350	-1
1351	-1
1352	-1
1353	-1
1354	-1
1355	-1
1356	-1
1357	-1
1358	-1
1359	-1
1360	-1
1361	-1
1362	-1
1363	-1
1364	-1
1365	-1
1366	-1
1367	-1
1368	-1
1369	-1
1370	-1
1371	-1
1372	-1
1373	-1
1374	-1
1375	-1
1376	-1
1377	-1
1378	-1
1379	-1
1380	-1
1381	-1
1382	-1
1383	-1
1384	-1
1385	-1
1386	-1
1387	-1
1388	-1
1389	-1
1390	-1
1391	-1
1392	-1
1393	-1
1394	-1
1395	-1
1396	-1
1397	-1
1398	-1
1399	-1
1400	-1
1401	-1
1402	-1
1403	-1
1404	-1
1405	-1
1406	-1
1407	-1
1408	-1
1409	-1
1410	-1
1411	-1
1412	-1
1413	-1
1414	-1
1415	-1
1416	-1
1417	-1
1418	-1
1419	-1
1420	-1
1421	-1
1422	-1
1423	-1
1424	-1
1425	-1
1426	-1
1427	-1
1428	-1
1429	-1
1430	-1
1431	-1
1432	-1
1433	-1
1434	-1
1435	-1
1436	-1
1437	-1
1438	-1
1439	-1
1440	-1
1441	-1
1442	-1
1443	-1
1444	-1
1445	-1
1446	-1
1447	-1
1448	-1
1449	-1
1450	-1
1451	-1
1452	-1
1453	-1
1454	-1
1455	-1
1456	-1
1457	-1
1458	-1
1459	-1
1460	-1
1461	-1
1462	-1
1463	-1
1464	-1
1465	-1
1466	-1
1467	-1
1468	-1
1469	-1
1470	-1
1471	-1
1472	-1
1473	-1
1474	-1
1475	-1
1476	-1
1477	-1
1478	-1
1479	-1
1480	-1
1481	-1
1482	-1
1483	-1
1484	-1
1485	-1
1486	-1
1487	-1
1488	-1
1489	-1
1490	-1
1491	-1
1492	-1
1493	-1
1494	-1
1495	-1
1496	-1
1497	-1
1498	-1
1499	-1
1500	-1
1501	-1
1502	-1
1503	-1
1504	-1
1505	-1
1506	-1
1507	-1
1508	-1
1509	-1
1510	-1
1511	-1
1512	-1
1513	-1
1514	-1
1515	-1
1516	-1
1517	-1
1518	-1
1519	-1
1520	-1
1521	-1
1522	-1
1523	-1
1524	-1
1525	-1
1526	-1
1527	-1
1528	-1
1529	-1
1530	-1
1531	-1
1532	-1
1533	-1
1534	-1
1535	-1
1536	-1
1537	-1
1538	-1
1539	-1
1540	-1
1541	-1
1542	-1
1543	-1
1544	-1
1545	-1
1546	-1
1547	-1
1548	-1
1549	-1
1550	-1
1551	-1
1552	-1
1553	-1
1554	-1
1555	-1
1556	-1
1557	-1
1558	-1
1559	-1
1560	-1
1561	-1
1562	-1
1563	-1
1564	-1
1565	-1
1566	-1
1567	-1
1568	-1
1569	-1
1570	-1
1571	-1
1572	-1
1573	-1
1574	-1
1575	-1
1576	-1
1577	-1
1578	-1
1579	-1
1580	-1
1581	-1
1582	-1
1583	-1
1584	-1
1585	-1
1586	-1
1587	-1
1588	-1
1589	-1
1590	-1
1591	-1
1592	-1
1593	-1
1594	-1
1595	-1
1596	-1
1597	-1
1598	-1
1599	-1
1600	-1
1601	-1
1602	-1
1603	-1
1604	-1
1605	-1
1606	-1
1607	-1
1608	-1
1609	-1
1610	-1
1611	-1
1612	-1
1613	-1
1614	-1
1615	-1
1616	-1
1617	-1
1618	-1
1619	-1
1620	-1
1621	-1
1622	-1
1623	-1
1624	-1
1625	-1
1626	-1
1627	-1
1628	-1
1629	-1
1630	-1
1631	-1
1632	-1
1633	-1
1634	-1
1635	-1
1636	-1
1637	-1
1638	-1
1639	-1
1640	-1
1641	-1
1642	-1
1643	-1
1644	-1
1645	-1
1646	-1
1647	-1
1648	-1
1649	-1
1650	-1
1651	-1
1652	-1
1653	-1
1654	-1
1655	-1
1656	-1
1657	-1
1658	-1
1659	-1
1660	-1
1661	-1
1662	-1
1663	-1
1664	-1
1665	-1
1666	-1
1667	-1
1668	-1
1669	-1
1670	-1
1671	-1
1672	-1
1673	-1
1674	-1
1675	-1
1676	-1
1677	-1
1678	-1
1679	-1
1680	-1
1681	-1
1682	-1
1683	-1
1684	-1
1685	-1
1686	-1
1687	-1
1688	-1
1689	-1
1690	-1
1691	-1
1692	-1
1693	-1
1694	-1
1695	-1
1696	-1
1697	-1
1698	-1
1699	-1
1700	-1
1701	-1
1702	-1
1703	-1
1704	-1
1705	-1
1706	-1
1707	-1
1708	-1
1709	-1
1710	-1
1711	-1
1712	-1
1713	-1
1714	-1
1715	-1
1716	-1
1717	-1
1718	-1
1719	-1
1720	-1
1721	-1
1722	-1
1723	-1
1724	-1
1725	-1
1726	-1
1727	-1
1728	1306
1729	1307
1730	1308
1731	1309
1732	1310
1733	1311
1734	1312
1735	1313
1736	1314
1737	1315
1738	1316
1739	1317
1740	1318
1741	1319
1742	1320
1743	1321
1744	1322
1745	1323
1746	1324
1747	1325
1748	1326
1749	1327
1750	1328
1751	1329
1752	1330
1753	1331,1332
1754	1333
1755	1334
1756	1335
1757	1336
1758	1337
1759	1338
1760	1339
1761	1340
1762	1341
1763	1342
1764	1343
1765	1344
1766	1345,1346
1767	1347
1768	1348
1769	1349
1770	1350
1771	1351
1772	1352
1773	1353
1774	1354
1775	1355
1776	1356
1777	1357,1358
1778	1359
1779	1360
1780	1361
1781	1362
1782	1363
1783	1364
1784	1365
1785	1366
1786	1367
1787	1368
1788	1369
1789	1370
1790	1371
1791	1372
1792	1373
1793	1374
1794	1375
1795	1376
1796	1377
1797	1378
1798	1379
1799	1380
1800	1381
1801	1382
1802	1383
1803	1384,1385
1804	1386
1805	1387,1388
1806	1389
1807	1390
1808	1391,1392
1809	1393
1810	1394
1811	1395
1812	1396
1813	1397
1814	1398
1815	1399
1816	1400
1817	1401
1818	1402
1819	1403
1820	1404
1821	1405
1822	1406
1823	1407
1824	1408
1825	1409
1826	1410
1827	1411
1828	1412
1829	1413
1830	1414
1831	1415
1832	1416
1833	1417
1834	1418
1835	1419,1420
1836	1421
1837	1422
1838	1423
1839	1424
1840	1425
1841,1842	1426
1843	1427
1844	1428
1845	1429
1846	1430,1431
1847	1432
1848	1433
1849	1434
1850	1435
1851	1436
1852	1437
1853	1438
1854	1439
1855	1440,1441
1856	1442
1857	1443
1858	1444
1859	1445
1860	1446
1861	1447
1862,1863	1448
1864	1449
1865	1450
1866	1451
1867,1868	1452
1869	1453
