0	0
1	1,2
2	3
3	4,6
4,5	7
6	8,9
7,9	10
10	11
11	12
12	13,14
13	15
14	16,19
15	20
16	21,22
17	23
18	24
19	25
20	26,27
21	28,29
22	30
23	31
24	32
25,26	33
27	34
28,29	35
30	36
31,33	37
34	38
35	39,41
36	42
37	43
38	44
39	45
40	46,47
41	48
42	49
43	50
44	51
45	52
46	53
47	54,55
48	56
49	57,58
50	59
51	60
52	61
53	62
54,55	63,64
56	65
57	66
58	67,68
59	69,70
60	71,72
61	73
62,63	74,76
64	77
65	78
66,67	79
68	80
69	81
70	82
71	83
72	84
73	85
74	86
75	87
76	88
77	89
78	90
79	91
80,81	92
82	93
83	94,95
84	96
85,86	97,98
87,88	99
89	100
90	101
91	102
92	103
93,94	104,105
95	106,107
96	108
97,98	109
99	110
100	111,112
101	113,114
102	115
103,104	116
105	117
106	118
107	119,120
108	121
109	122
110	123
111	124
112	125
113	126
114,115	127,128
116,117	129
118	130
119	131
120	132
121	133
122	134
123	135,136
124,125	137
126	138
127	139
128	140,141
129	142
130	143,144
-1	145
131	146,147
132	148
133	149
134	150
135	151
136	152
137	153
138	154
139	155
140,141	156
142	157
143	158
144	159
145	160
146	161
147	162
148	163,164
149	165
150	166
151	167
152	168
153	169
154,155	170,172
156	173
157,158	174
159	175
160	176,177
161	178
162	179
163	180
164	181,182
165,166	183
167	184
168	185,187
169	188
170	189,190
171	191
172	192
173	193
174,175	194
176	195,196
177	197
178	198
179	199
180,181	200,201
182	202
183,184	203,205
185	206,207
186	208,209
187	210,211
188	212
189	213,214
190	215
191,192	216
193,195	217
196	218
197	219
198	220
199	221,223
200	224
201	225
202,203	226
204	227
205	228
206	229
207	230
208	231,233
209	234
210	235
211	236,237
212	238
213	239
214	240
215	241
216	242
217	243,245
218	246
219	247,248
220	249
221	250
222	251
223,224	252,253
225	254,256
226	257
227,228	258
229	259
230	260
231	261
232	262
233	263
234	264
235	265,266
236	267
237	268
238	269,270
239,240	271
241	272
242	273
243	274
244	275
245	276,278
246	279,280
247	281
248	282,283
249	284
250,251	285,287
252,253	288
254	289
255	290
256,257	291
258	292
259,260	293,295
261	296
262,263	297
264,265	298,300
266	301
267,268	302,303
269	304,305
270	306
271	307,308
272	309
273	310
274	311
275	312,314
276	315
277	316
278	317
279	318,319
280	320
281,282	321
283	322
284	323
285	324
286	325
287	326
288	327,328
289	329
290,291	330,332
-1	333
292	334,335
293	336
294	337
295	338
296	339,340
297	341
298	342
299	343
300,301	344,345
302,303	346,347
304	348
305	349,350
306	351
307	352,355
308	356,357
309	358
310,311	359
312	360
313	361
314	362
315	363
316	364
317	365,367
318	368
319	369
320,321	370
322	371
323	372
324	373,374
325	375,377
326	378,379
327	380
328	381
329	382,383
330	384
331	385
332	386
333	387,388
334	389
335	390
336	391
337	392
338	393
339	394
340	395
341	396
342	397
343	398
344	399
345	400,401
346	402
347	403
348	404
349	405
350	406
351	407,408
352	409
353	410
354	411
-1	412
355	413,414
356	415
357	416
358,359	417
360	418,419
361,362	420
363	421
364	422
365,367	423
368	424
369	425
370,371	426,428
372	429
373	430
-1	431
374	432,433
375,376	434
377,378	435
379	436
380	-1
381	437
382,383	438
384	439,441
385	442,443
386	444
387	445
388	446
389	-1
390	447
391	448,449
392	450
393	451
-1	452
394	453,454
395	455,457
396	458,459
397	460
398	461,462
399	463,464
400	465
401	466,467
402	468
403	469
404,405	470,471
406	472
407	473,474
408	475,476
409	477,478
410	479
411,412	480,481
413	482
414	483
415	484,485
416	486
417,418	487
419	488
420	489,490
421	491
422	492
423	493
424	494,496
425	497
426	498,499
427	500
428	501
429	502
430	503,504
431	505
432	506,507
433	508,510
434	511
435	512
436,437	513,514
438	515,516
439	517
440	518
441	519
442	520
443	521
444	522
445	523
446	524
447	525
448	526
449	527
450	528
451	529,530
452	531
453,454	532
455	533
456	534
457,458	535
459,460	536
461	537
462	538
463	539
464	540
465	541,542
466	543,545
467	546,549
468	550
469,470	551,553
471	554
472	555
473	556
474,475	557
476	558
477	559
478	560
479	561
480	562,565
481	566,567
482	568
483,484	569,571
485	572,573
486,487	574,575
488	576
489	577
490	578
491	579
492,493	580,581
494	582
495,496	583
497	584
498	585
499,500	586
501	587
502	588
503	-1
504,505	589,590
506	591
507	592
508	593
509	594
510,511	595
512	596
513	597
514	598,600
515	601
516,517	602
518	603
519	604,605
520,521	606
522	607,609
523	610,611
524	612
525	613
526	614
527	615
528	616
529	-1
530	617
531,532	618,619
533	620
534	621
535	622
536	623
537	624,625
538,539	626,627
540	628
541	629,630
542	631
543	632
544	633
545	634
546	635,636
547	637
548	638
549	639,640
550	641
-1	642
551	643
552,553	644
554	645
555	646
556	647,648
557	649
558,559	650
560	651,652
561	653
562	654
563	655
564	656
565	657
566	658
567	659
568	660
569	661
570	662,663
571,572	664,665
573	666
574	667
575	668
576	669
577	670
578,579	671
580,581	672,673
582	674
583	675,676
584	677
585	678,680
586	681
587	682
588	683
589	684
590	685
591	686
592	687
593	688,689
594	690
595	691
596	692
597	-1
598	693,694
599,600	695,697
601	698
602	699
603	700,702
604	703
605	704
606	705
607	706,707
608,609	708
610	709
611	710,711
612	712,713
613	714
614	715
615	716
616	717
617	718
618	719
619	720,721
620	722
621	723
622	724
623,624	725,726
625,626	727
627	728,729
628	730
629	731
630	732
631	733
632	734
633	735
634	736,737
635	738
636	739,740
637	741,743
638	744
639	745,747
640	748
641	749
642	750,751
643	752
644	753
645	754,755
646	756,757
647	758
648	759
649	760,761
650	762,763
651	764
652	765
653	766
654	767
655	768,769
656	770
657	771
658,659	772,774
660	775,777
661	778
662	779,781
663	782,783
664	784
665	785
666	786
667	787
668	788
669	789
670	790
671	791
672	792
673	793
674	794,795
675	796,797
676	798
677	799
678	800
679	801,802
680	803
681	804
682	805
683	806
684	807,808
685	809,811
686	812
687,688	813
689,690	814,815
691	816
692	817
693	818
694	819,820
695	821
696	822,823
697	824,825
698	826,827
699	828
700	829
701	830
702,703	831,832
704	833
705	834
706	835
707	836
708	837
709	838
710	839
711	840
712	841
713	842
714	843
715	844
716	845
717	846
718	847
719	848
720	849,850
721	851
722,724	852,853
725,726	854,855
727	856
728	857
729	858,860
730	861
731	862,863
732	864
733	865
734	866
735	867
736	868,869
737,739	870,871
740	872
741	873
742	874
743	875,878
744	879
745	880
746	881
747	882
748,749	883
750	884,886
751,752	887,888
753	889,890
754	891,893
755,756	894
757	895
758	896
759	897,898
760	899
761,762	900
763	-1
764	-1
765	-1
766	-1
767	-1
768	-1
769	-1
770	-1
771	-1
772	-1
773	-1
774	-1
775	-1
776	-1
777	-1
778	-1
779	-1
780	-1
781	-1
782	-1
783	-1
784	-1
785,786	901
787	902
788	903
789	904,905
790	906
791	907,909
792	910,912
793	913,914
794	915
795	916,917
796	918
797	919,922
798,799	923,924
800	925
801	926
802	927
803	928
804	929
805,807	930,931
808	932,933
809	934
810	935
811	936
812	937
813	938
814	939
815	940
816	941,942
817	943
818	944
819	945,946
820	947
821	948,949
822,823	950
824	951,954
-1	955
-1	956
825	-1
826	-1
827	-1
828	-1
829	-1
830	-1
831	-1
832	-1
833	-1
834	-1
835	-1
836	957,958
837	959,960
838	961
839	962,964
840	965,967
841	968,970
842	971
843	972,974
844	975,978
-1	979
-1	980
845	981,984
-1	985
-1	986
-1	987
-1	988
-1	989
-1	990
846	-1
847	-1
848	-1
849	-1
850	-1
851	-1
852	-1
853	-1
854	-1
855	991
856	992
857	993
858,861	994
862,863	995
864	996
865	997
866	998,999
867	1000
868	1001
869	1002
870	1003
871	1004,1007
872	1008,1011
873	1012,1015
874	1016,1017
875	1018,1020
876	1021
877,878	1022,1024
879	1025,1026
880	1027,1030
881	1031
882	-1
883	-1
884	-1
885	-1
886	-1
887	-1
888	-1
889	-1
890	-1
891	-1
892	-1
893	-1
894	-1
895	-1
896	-1
897	-1
898	1032
899	1033,1035
900	1036,1037
901	1038,1039
902	1040
903	1041
904	1042,1043
905,906	1044
907	1045
908,909	1046
910	1047,1048
911	1049
912	1050
913	1051
914	1052,1054
915	1055,1057
916	1058
917	1059
918	1060,1061
919	1062
920	1063
921,922	1064,1065
923	1066
924	1067,1069
925	1070,1071
926,927	1072
928	1073
929	1074
930	1075,1077
931	1078,1081
932	1082
933	1083
934	1084
935	1085
936	1086
937	1087,1090
-1	1091
938,939	1092,1094
940	1095,1096
941	1097,1100
-1	1101
-1	1102
942	1103
943	1104,1107
944	1108,1110
945,946	1111
947	1112
948,949	1113
950	1114
951	1115,1118
-1	1119
952	1120,1123
-1	1124
953	1125,1127
954	1128,1129
955	-1
956	-1
957	-1
958	-1
959	-1
960	-1
961	-1
962	-1
963	-1
964	-1
965	-1
966	-1
967	-1
968	-1
969	-1
970	-1
971	-1
972	-1
973,974	1130,1132
975	1133
976,977	1134
978	1135,1137
979	1138
980	1139
981	1140,1141
982	1142,1143
983	1144
984	1145,1146
985	1147
