0,2	0
3,6	1
7	-1
8,9	2
10,12	3,4
13,14	5
15	6
16	7,8
17	9
18	10
19,20	11
21	12,13
22	14,15
23,24	16
25	17
26,27	18
28	19
29	20,21
30	22
31	23
32	24
33	25
34	26
35	27
36	28
37,38	29
39	30
40,41	31,32
42	33
43,44	34
45,46	35
47	36
48	37,38
49	39
50	40,41
51	42
52	43
53	44
54	45
55	46
56,57	47,48
58	49
59	50
60	51
61,62	52,53
63	54
64,65	55
66	56,57
67,69	58,59
70,71	60
72	61
73	62
74	63
75,76	64,66
77	67,68
78	69
79	70,71
80	72
81	73
82	74
83	75
84,85	76
86,87	77
88	78
89	79,80
90	81
91	82,83
92,93	84
94	85
95	86
96,97	87,88
98	89
99	90
100,102	91
103,104	92
105,106	93,94
107,108	95
109,110	96,97
111,113	98
114,115	99,100
116	101,102
117	103
118	104
119	105
120	106
121	107
122	108,109
123,124	110
125	111
126,129	112
130	113
131	114,115
132	116,117
133	118,119
134	120
135	121,122
136	123
137	124
138	125
139,142	126
143,144	127
145	128
146	129
147	130
148,149	131
150	132,134
151	135,137
152,154	138,139
155,156	140
157	141,143
-1	144
158	145
159	146
160	147
161	148
162,163	149
164,166	150
167,168	151,152
169	153
170	154
171	155
172	156
173,174	157
175	158
176	159,160
177	161
178	162
179	163
180	164
181	165
182	166,167
183	168
184	169,170
185	171
186	172
187	173
188	174
189	175
190	176
191	177
192	178
193	179
194	180
195	181
196,197	182
198,199	183,184
200	185
201	186,187
202	188
203	189
204	190
205,207	191
208	192,193
209	194
210	195,196
211	197
212	198
213	199
214	200
215,216	201,202
217	203
218	204,205
219,220	206
221	207
222,223	208
224	209
225,226	210
227	211
228	212
-1	213
229	214,215
230	216
231	217
232	218
233	219
234,236	220
237	221
238,239	222
240	223
241,242	224,225
243	226,227
244	228
245,246	229,230
247	231
248,249	232
250,251	233
252	234
253,254	235
255	236
256	237,238
257	239
258	-1
259	240
260,261	241
262,263	242
264,266	243,244
267	245
268	246,247
269	248
270	249
271,272	250
273	251
274	252
275	253
276	254
277,278	255
279	256,257
280	258,260
281	261,263
282	264
283	265,266
284	267
285,286	268
287	269
288	270
289	271
290	272,273
291	274
292	275
293	276
294	277,278
295	279,280
296	281,282
297	283,284
298,299	285
300	286
301	287
302	288
303	289
304	290
305	291
306	292
307	293
308,310	294
-1	295
-1	296
-1	297
-1	298
-1	299
-1	300
-1	301
-1	302
-1	303
-1	304
-1	305
-1	306
-1	307
-1	308
-1	309
-1	310
-1	311
-1	312
-1	313
-1	314
-1	315
-1	316
-1	317
-1	318
-1	319
-1	320
-1	321
-1	322
-1	323
-1	324
-1	325
-1	326
-1	327
-1	328
-1	329
-1	330
311,314	331
315,318	332
319	333
320	334
321	335
322	336,338
-1	339
-1	340
-1	341
-1	342
-1	343
-1	344
-1	345
-1	346
323	347
324	348
325	349
326,327	350,351
328,329	352
330	353
331	354
332	355,356
333	357
334,336	358,359
337	360
338	361
339	362
340,341	363
342	364
343	365
344,345	366
346	367
347	368
348	369
349,350	370
351	371
352	372
353,354	373,374
355	375
356	376
357	377
358	378
359	379
360	380
361,364	381
365	382
366	383
367,368	384
369	385
370,371	386,387
372,374	388
375	389
376,377	390
378	391
379	392
380	393,394
381	-1
382,385	395
386	396,397
387,388	398
389	399
390,391	400
392,393	401
394	402
395	403
396	404
397	405
398	406
399	407,408
400	409
401	-1
402	410
403,404	411
405	412
406	413
407	414
408,410	415
411	416
412	417,418
413	419
414	420,421
415	422
416	423
417,418	424
419	425
420	426
421	427,428
422,423	429,430
424,425	431
426	432,433
427,428	434
429,431	435
432	436
433	437
434	438
435	439,440
436,438	441
439,440	442
441,443	443
444	444,445
445	446
446,447	447
448	448
449	449
450	450
451	451
452	452
453,454	453
455	454
456	455
457,458	456
459,460	457
461,462	458
463,464	459
465	460
466	461,462
467	463
468	464
469	465
470,471	466
472,473	467
474	468,470
475	471,474
476	475
477	476,477
478	478
479,480	479
481	480
482	481
483	482
484	483
485	484
486,487	485
488	486
489,491	487
492,493	488
494	489,490
495,496	491
497	492,493
498	494
499	495
-1	496
500	497,498
501	499,500
502	501,504
503	505
504	506
505	507
506	508,509
507	510
508	511
509	512
510	513
511	514
512	515
513	516
514	517
515	518
516	519
517	520,521
-1	522
-1	523
-1	524
-1	525
-1	526
-1	527
-1	528
-1	529
518	530
519	531
-1	532
520,521	533,534
522	535
523	536
524	537
525	538,539
526	540
527	541
528	542
529	543
530	544
531	545
532	546
533,534	547
535,536	548,549
537	550,551
538	552
539	553
540,541	554
542	555
543	556
544,545	557
546	558
547	559
548	560
549	561
550	562
551,552	563,564
553	565
554,555	566
556	567
557	568
558	569
559	570
560,561	571,572
562	573
563	574
564	575
565	576
566	577
567,568	578
569	579,580
570	581
571	582
572	583
573,574	584
575	585,586
576	587
577,578	588,589
579,580	590
581,582	591
583	592,593
584	594,597
585	598,599
586,587	600
588,589	601
590,591	602
592,593	603,605
594,595	606
596,598	607,608
599	609,612
600,601	613
602	614,615
603	616
604	617,618
605	619,620
606	621
607,610	622
611	623
612,613	624,625
614	626
615,617	627,628
618	629
619	630,631
620	632,635
621	636,637
622	638
623	639,640
624	641,642
625	643
626	644,645
627,628	646
629,630	647
631	648,649
632	650
633	651,652
634	653
635	654,655
636	656
637	657,659
638,641	660
642	661,662
643	663,664
644	665
645	666,667
646,647	668,669
648,650	670
651	671
652	672
653	673,675
654	676
655,656	677
657	678,679
658	680,681
659	682,684
660	685,686
661	687
662	688,689
663	690
664	691,692
665	693
666,667	694
668	695
669	696
670,671	697,698
672	699
673	700
674	701
675,676	702,703
677	704
678	705
679,681	706
682,683	707
-1	708
-1	709
-1	710
-1	711
-1	712
-1	713
-1	714
-1	715
-1	716
-1	717
-1	718
-1	719
-1	720
-1	721
-1	722
-1	723
-1	724
-1	725
-1	726
-1	727
-1	728
-1	729
-1	730
-1	731
-1	732
684	733,734
685	735
686	736
687	737
688	738
689	739,740
690,691	741
692	742
693	743
694	744
695	745
696	746
697	747
698	748
699	749
700,701	750,751
702	752
703	753
704	754,755
705	756
706	757
707	758
708	759
709	760,761
710	762
711,712	763,764
713	765
714	766
715	767
716	768
717,718	769
719	770
720	771
721	772
722	773
723	774
724	775
725	776
726,727	777
728,729	778
730	779
731	780
732,733	781,782
734	783
735	784,785
736	786
737	787
738,739	788,789
740	790,791
741	792,793
742,743	794,795
744	796,797
745	798,799
746	800
747	801
748,749	802
750	803
751,752	804,805
753	806
754	807,809
755	810
756	811
757	-1
758,761	812
762	813
763	814
764,765	815
766,767	816
768,769	817
770,771	818
772	819,820
773	821
774	822
775	823,824
776,777	825,826
778	827
779,780	828
781	829,830
782,784	831
785,786	832
787	833
788	834
789	835
